(1, 2.8118258238391734e-05, 0.9301112445535632, 2.8118258238391734e-05, 0.9301112445535632)
(1, 5.916710119549377e-05, 0.9301139600443099, 5.916710119549377e-05, 0.9301139600443099)
(1, 9.939770504958233e-05, 0.930119683993095, 9.939770504958233e-05, 0.930119683993095)
(1, 0.00016154409350879943, 0.9301286798287643, 0.00016154409350879943, 0.9301286798287643)
(1, 0.0002659772680610848, 0.9301410255157492, 0.0002659772680610848, 0.9301410255157492)
(1, 0.00044005669501774976, 0.9301567108670145, 0.00044005669501774976, 0.9301567108670145)
(1, 0.0007159543427432053, 0.9301756793724344, 0.0007159543427432053, 0.9301756793724344)
(1, 0.0011277280321000086, 0.9301978491463518, 0.0011277280321000086, 0.9301978491463518)
(1, 0.0017084409031935684, 0.9302231245229156, 0.0017084409031935684, 0.9302231245229156)
(1, 0.002487858254796821, 0.930251402913544, 0.002487858254796821, 0.930251402913544)
(1, 0.0034909351679025735, 0.9302825790583243, 0.0034909351679025735, 0.9302825790583243)
(1, 0.004737071115056881, 0.9303165477605045, 0.004737071115056881, 0.9303165477605045)
(1, 0.006239982227214147, 0.9303532057003768, 0.006239982227214147, 0.9303532057003768)
(1, 0.008008004839690441, 0.9303924526708238, 0.008008004839690441, 0.9303924526708238)
(1, 0.010044658744940748, 0.9304341924372026, 0.010044658744940748, 0.9304341924372026)
(1, 0.01234933525796995, 0.9304783333439268, 0.01234933525796995, 0.9304783333439268)
(1, 0.01491801530380741, 0.9305247887424984, 0.01491801530380741, 0.9305247887424984)
(1, 0.017743957400734003, 0.9305734772871168, 0.017743957400734003, 0.9305734772871168)
(1, 0.020818321808469476, 0.9306243231267907, 0.020818321808469476, 0.9306243231267907)
(1, 0.024130715499702828, 0.9306772560126825, 0.024130715499702828, 0.9306772560126825)
(1, 0.027669654478153605, 0.930732211333543, 0.027669654478153605, 0.930732211333543)
(1, 0.03142294701541261, 0.9307891300888478, 0.03142294701541261, 0.9307891300888478)
(1, 0.03537800511416493, 0.930847958807552, 0.03537800511416493, 0.930847958807552)
(1, 0.03952209309188942, 0.930908649419537, 0.03952209309188942, 0.930908649419537)
(1, 0.043842522453585574, 0.9309711590864111, 0.043842522453585574, 0.9309711590864111)
(1, 0.04832680175331663, 0.9310354499980791, 0.04832680175331663, 0.9310354499980791)
(1, 0.05296274930142938, 0.9311014891412706, 0.05296274930142938, 0.9311014891412706)
(1, 0.057738575585934857, 0.9311692480459436, 0.057738575585934857, 0.9311692480459436)
(1, 0.06264294127705439, 0.9312387025151306, 0.06264294127705439, 0.9312387025151306)
(1, 0.06766499574654261, 0.9313098323433732, 0.06766499574654261, 0.9313098323433732)
(1, 0.07279440019303655, 0.9313826210284059, 0.07279440019303655, 0.9313826210284059)
(1, 0.07802133873332381, 0.9314570554802417, 0.07802133873332381, 0.9314570554802417)
(1, 0.08333652019595736, 0.9315331257312649, 0.08333652019595736, 0.9315331257312649)
(1, 0.08873117283008017, 0.9316108246504166, 0.08873117283008017, 0.9316108246504166)
(1, 0.09419703370758463, 0.9316901476640436, 0.09419703370758463, 0.9316901476640436)
(1, 0.09972633423887922, 0.9317710924855007, 0.09972633423887922, 0.9317710924855007)
(1, 0.10531178293000051, 0.9318536588551573, 0.10531178293000051, 0.9318536588551573)
(1, 0.11094654627101223, 0.9319378482920612, 0.11094654627101223, 0.9319378482920612)
(1, 0.1166242284532485, 0.9320236638581638, 0.1166242284532485, 0.9320236638581638)
(1, 0.12233885045795706, 0.9321111099357032, 0.12233885045795706, 0.9321111099357032)
(1, 0.12808482893448506, 0.9322001920180829, 0.12808482893448506, 0.9322001920180829)
(1, 0.13385695518664661, 0.9322909165143639, 0.13385695518664661, 0.9322909165143639)
(1, 0.13965037450661408, 0.9323832905673057, 0.13965037450661408, 0.9323832905673057)
(1, 0.14546056603271465, 0.9324773218847454, 0.14546056603271465, 0.9324773218847454)
(1, 0.1512833232577288, 0.9325730185839849, 0.1512833232577288, 0.9325730185839849)
(1, 0.15711473527509534, 0.9326703890487681, 0.15711473527509534, 0.9326703890487681)
(1, 0.16295116881974203, 0.9327694417983599, 0.16295116881974203, 0.9327694417983599)
(1, 0.16878925113638388, 0.9328701853681888, 0.16878925113638388, 0.9328701853681888)
(1, 0.1746258536896952, 0.932972628201486, 0.1746258536896952, 0.932972628201486)
(1, 0.18045807671666525, 0.9330767785513321, 0.18045807671666525, 0.9330767785513321)
(1, 0.18628323461080026, 0.9331826443925131, 0.18628323461080026, 0.9331826443925131)
(1, 0.19209884211992506, 0.9332902333425923, 0.19209884211992506, 0.9332902333425923)
(1, 0.1979026013335915, 0.9333995525916097, 0.1979026013335915, 0.9333995525916097)
(1, 0.2036923894320594, 0.9335106088398327, 0.2036923894320594, 0.9335106088398327)
(1, 0.20946624716611123, 0.9336234082430045, 0.20946624716611123, 0.9336234082430045)
(1, 0.21522236803530037, 0.9337379563645511, 0.21522236803530037, 0.9337379563645511)
(1, 0.22095908813137816, 0.933854258134236, 0.22095908813137816, 0.933854258134236)
(1, 0.22667487661341382, 0.9339723178127715, 0.22667487661341382, 0.9339723178127715)
(1, 0.23236832678135944, 0.9340921389619258, 0.23236832678135944, 0.9340921389619258)
(1, 0.23803814771540657, 0.9342137244196839, 0.23803814771540657, 0.9342137244196839)
(1, 0.2436831564493342, 0.9343370762800531, 0.2436831564493342, 0.9343370762800531)
(1, 0.24930227064708785, 0.934462195877122, 0.24930227064708785, 0.934462195877122)
(1, 0.25489450175299877, 0.9345890837730116, 0.25489450175299877, 0.9345890837730116)
(1, 0.2604589485873023, 0.9347177397493782, 0.2604589485873023, 0.9347177397493782)
(1, 0.2659947913599143, 0.9348481628021494, 0.2659947913599143, 0.9348481628021494)
(1, 0.27150128607674207, 0.9349803511392002, 0.27150128607674207, 0.9349803511392002)
(1, 0.27697775931412466, 0.9351143021806934, 0.27697775931412466, 0.9351143021806934)
(1, 0.2824236033382985, 0.9352500125618277, 0.2824236033382985, 0.9352500125618277)
(1, 0.28783827154805547, 0.9353874781377602, 0.28783827154805547, 0.9353874781377602)
(1, 0.29322127421999683, 0.935526693990482, 0.29322127421999683, 0.935526693990482)
(1, 0.2985721745369778, 0.935667654437444, 0.2985721745369778, 0.935667654437444)
(1, 0.3038905848814815, 0.9358103530417481, 0.3038905848814815, 0.9358103530417481)
(1, 0.3091761633767556, 0.9359547826237283, 0.3091761633767556, 0.9359547826237283)
(1, 0.3144286106595887, 0.9361009352737651, 0.3144286106595887, 0.9361009352737651)
(1, 0.31964766686959434, 0.9362488023661844, 0.31964766686959434, 0.9362488023661844)
(1, 0.3248331088408102, 0.9363983745741071, 0.3248331088408102, 0.9363983745741071)
(1, 0.32998474748231105, 0.936549641885126, 0.32998474748231105, 0.936549641885126)
(1, 0.3351024253353738, 0.9367025936176935, 0.3351024253353738, 0.9367025936176935)
(1, 0.34018601429552464, 0.9368572184381201, 0.34018601429552464, 0.9368572184381201)
(1, 0.3452354134885471, 0.9370135043780838, 0.3452354134885471, 0.9370135043780838)
(1, 0.3502505472902312, 0.9371714388525653, 0.3502505472902312, 0.9371714388525653)
(1, 0.35523136348030493, 0.9373310086781275, 0.35523136348030493, 0.9373310086781275)
(1, 0.3601778315216096, 0.9374922000914686, 0.3601778315216096, 0.9374922000914686)
(1, 0.36508994095616387, 0.9376549987681789, 0.36508994095616387, 0.9376549987681789)
(1, 0.36996769991030665, 0.9378193898416429, 0.36996769991030665, 0.9378193898416429)
(1, 0.3748111337016219, 0.9379853579220316, 0.3748111337016219, 0.9379853579220316)
(1, 0.3796202835408277, 0.9381528871153331, 0.3796202835408277, 0.9381528871153331)
(1, 0.38439520532226285, 0.9383219610423779, 0.38439520532226285, 0.9383219610423779)
(1, 0.38913596849702187, 0.9384925628578173, 0.38913596849702187, 0.9384925628578173)
(1, 0.39384265502318794, 0.9386646752690176, 0.39384265502318794, 0.9386646752690176)
(1, 0.39851535838797597, 0.9388382805548358, 0.39851535838797597, 0.9388382805548358)
(1, 0.4031541826969482, 0.9390133605842498, 0.4031541826969482, 0.9390133605842498)
(1, 0.40775924182578177, 0.9391898968348127, 0.40775924182578177, 0.9391898968348127)
(1, 0.4123306586303728, 0.9393678704109094, 0.4123306586303728, 0.9393678704109094)
(1, 0.41686856421134083, 0.9395472620617933, 0.41686856421134083, 0.9395472620617933)
(1, 0.4213730972292606, 0.9397280521993844, 0.4213730972292606, 0.9397280521993844)
(1, 0.4258444032671948, 0.9399102209158124, 0.4258444032671948, 0.9399102209158124)
(1, 0.43028263423733026, 0.9400937480006897, 0.43028263423733026, 0.9400937480006897)
(1, 0.43468794782873366, 0.9402786129581011, 0.43468794782873366, 0.9402786129581011)
(1, 0.4390605069934446, 0.9404647950233015, 0.4390605069934446, 0.9404647950233015)
(1, 0.44340047946830985, 0.9406522731791084, 0.44340047946830985, 0.9406522731791084)
(1, 0.4477080373301357, 0.9408410261719847, 0.4477080373301357, 0.9408410261719847)
(1, 0.451983356581902, 0.9410310325278032, 0.451983356581902, 0.9410310325278032)
(1, 0.4562266167679285, 0.9412222705672874, 0.4562266167679285, 0.9412222705672874)
(1, 0.4604380006160301, 0.9414147184211257, 0.4604380006160301, 0.9414147184211257)
(1, 0.4646176937048279, 0.9416083540447536, 0.4646176937048279, 0.9416083540447536)
(1, 0.46876588415450704, 0.9418031552328031, 0.46876588415450704, 0.9418031552328031)
(1, 0.4728827623394272, 0.9419990996332166, 0.4728827623394272, 0.9419990996332166)
(1, 0.47696852062110034, 0.9421961647610251, 0.47696852062110034, 0.9421961647610251)
(1, 0.4810233531001486, 0.9423943280117911, 0.4810233531001486, 0.9423943280117911)
(1, 0.48504745538595156, 0.9425935666747145, 0.48504745538595156, 0.9425935666747145)
(1, 0.4884807817528863, 0.9427938579454049, 0.4884807817528863, 0.9427938579454049)
(1, 0.48976164706259573, 0.9429951789383217, 0.48976164706259573, 0.9429951789383217)
(1, 0.491057330931693, 0.9431975066988809, 0.491057330931693, 0.9431975066988809)
(1, 0.4923676619459676, 0.9434008182152358, 0.4923676619459676, 0.9434008182152358)
(1, 0.49369246551042784, 0.9436050904297304, 0.49369246551042784, 0.9436050904297304)
(1, 0.4950315640020992, 0.9438103002500309, 0.4950315640020992, 0.9438103002500309)
(1, 0.49638477692023814, 0.9440164245599373, 0.49638477692023814, 0.9440164245599373)
(1, 0.4977519210339327, 0.94422344022988, 0.4977519210339327, 0.94422344022988)
(1, 0.4991328105270638, 0.9444313241271043, 0.4991328105270638, 0.9444313241271043)
(1, 0.5005272571406073, 0.9446400531255472, 0.5005272571406073, 0.9446400531255472)
(1, 0.5019350703122605, 0.9448496041154115, 0.5019350703122605, 0.9448496041154115)
(1, 0.5033560573133801, 0.9450599540124401, 0.5033560573133801, 0.9450599540124401)
(1, 0.5047900233832245, 0.9452710797668966, 0.5047900233832245, 0.9452710797668966)
(1, 0.5062367718604924, 0.9454829583722558, 0.5062367718604924, 0.9454829583722558)
(1, 0.5076961043121585, 0.9456955668736097, 0.5076961043121585, 0.9456955668736097)
(1, 0.509167820659605, 0.9459088823757923, 0.509167820659605, 0.9459088823757923)
(1, 0.5106517193020538, 0.9461228820512314, 0.5106517193020538, 0.9461228820512314)
(1, 0.5121475972373049, 0.9463375431475272, 0.5121475972373049, 0.9463375431475272)
(1, 0.5136552501797897, 0.9465528429947684, 0.5136552501797897, 0.9465528429947684)
(1, 0.515174472675951, 0.9467687590125861, 0.515174472675951, 0.9467687590125861)
(1, 0.5167050582169602, 0.9469852687169531, 0.5167050582169602, 0.9469852687169531)
(1, 0.51824679934879, 0.9472023497267336, 0.51824679934879, 0.9472023497267336)
(1, 0.5197994877796566, 0.9474199797699866, 0.5197994877796566, 0.9474199797699866)
(1, 0.5213629144848505, 0.9476381366900297, 0.5213629144848505, 0.9476381366900297)
(1, 0.5229368698089767, 0.947856798451268, 0.5229368698089767, 0.947856798451268)
(1, 0.5245211435656241, 0.9480759431447923, 0.5245211435656241, 0.9480759431447923)
(1, 0.5261155251344883, 0.9482955489937517, 0.5261155251344883, 0.9482955489937517)
(1, 0.5277198035559715, 0.9485155943585072, 0.5277198035559715, 0.9485155943585072)
(1, 0.5293337676232822, 0.948736057741568, 0.5293337676232822, 0.948736057741568)
(1, 0.5309572059720652, 0.9489569177923189, 0.5309572059720652, 0.9489569177923189)
(1, 0.5325899071675851, 0.9491781533115404, 0.5325899071675851, 0.9491781533115404)
(1, 0.5343946250746305, 0.9368935164602038, 0.5343946250746305, 0.9368935164602038)
(1, 0.53604453046757, 0.9371693908156155, 0.53604453046757, 0.9371693908156155)
(1, 0.5377030637479276, 0.9374456699483765, 0.5377030637479276, 0.9374456699483765)
(1, 0.5393700140888178, 0.9377223281558019, 0.5393700140888178, 0.9377223281558019)
(1, 0.5411728531325857, 0.9332219720402425, 0.5411728531325857, 0.9332219720402425)
(1, 0.5428554554801606, 0.9335202548835424, 0.5428554554801606, 0.9335202548835424)
(1, 0.5445458440236238, 0.9338188710942399, 0.5445458440236238, 0.9338188710942399)
(1, 0.5465707858329302, 0.9289054239273008, 0.5465707858329302, 0.9289054239273008)
(1, 0.5482747122677796, 0.9292270791397662, 0.5482747122677796, 0.9292270791397662)
(1, 0.5499857978944079, 0.9295490286234146, 0.5499857978944079, 0.9295490286234146)
(1, 0.5519965291461992, 0.9251944402610951, 0.5519965291461992, 0.9251944402610951)
(1, 0.5537200300806632, 0.9255376283477503, 0.5537200300806632, 0.9255376283477503)
(1, 0.5555031740991466, 0.9246777002081638, 0.5555031740991466, 0.9246777002081638)
(1, 0.5576247517856637, 0.9228495363080894, 0.5576247517856637, 0.9228495363080894)
(1, 0.5595018003603626, 0.9232163486239403, 0.5595018003603626, 0.9232163486239403)
(1, 0.5612477125097626, 0.923574763680471, 0.5612477125097626, 0.923574763680471)
(1, 0.5634705093847157, 0.9195739833841166, 0.5634705093847157, 0.9195739833841166)
(1, 0.5652660975997207, 0.9199549879051923, 0.5652660975997207, 0.9199549879051923)
(1, 0.5672984554593584, 0.9196372404476308, 0.5672984554593584, 0.9196372404476308)
(1, 0.5695353975890511, 0.9187456650606256, 0.5695353975890511, 0.9187456650606256)
(1, 0.5714518108777269, 0.918726075076274, 0.5714518108777269, 0.918726075076274)
(1, 0.5736182127843159, 0.917085323051607, 0.5736182127843159, 0.917085323051607)
(1, 0.5760817884636209, 0.9152412309787826, 0.5760817884636209, 0.9152412309787826)
(1, 0.5779247802272466, 0.9153502481080789, 0.5779247802272466, 0.9153502481080789)
(1, 0.5801885471030875, 0.9153602930416505, 0.5801885471030875, 0.9153602930416505)
(1, 0.5824040489809374, 0.9149999656421353, 0.5824040489809374, 0.9149999656421353)
(1, 0.5849584409637169, 0.913830586149234, 0.5849584409637169, 0.913830586149234)
(1, 0.5870889957114526, 0.9128145633762289, 0.5870889957114526, 0.9128145633762289)
(1, 0.5894006196401375, 0.9124534123805496, 0.5894006196401375, 0.9124534123805496)
(1, 0.5915834168134868, 0.9126745283687872, 0.5915834168134868, 0.9126745283687872)
(1, 0.5945333944599112, 0.9113674453283873, 0.5945333944599112, 0.9113674453283873)
(1, 0.5967892294503198, 0.9116237238393174, 0.5967892294503198, 0.9116237238393174)
(1, 0.5993054528073425, 0.9109416983146277, 0.5993054528073425, 0.9109416983146277)
(1, 0.6029401751387778, 0.9095148621486208, 0.6029401751387778, 0.9095148621486208)
(1, 0.6049611008628294, 0.9097790583467352, 0.6049611008628294, 0.9097790583467352)
(1, 0.6074270156655454, 0.9099609698556855, 0.6074270156655454, 0.9099609698556855)
(1, 0.6111794979833912, 0.9087788839310721, 0.6111794979833912, 0.9087788839310721)
(1, 0.6135141507201951, 0.9091885661981445, 0.6135141507201951, 0.9091885661981445)
(1, 0.6173596671337165, 0.9082715307208846, 0.6173596671337165, 0.9082715307208846)
(1, 0.6199499790980052, 0.9083403930038778, 0.6199499790980052, 0.9083403930038778)
(1, 0.6241863779142874, 0.9079507404640406, 0.6241863779142874, 0.9079507404640406)
(1, 0.6278859833372248, 0.9081994974528997, 0.6278859833372248, 0.9081994974528997)
(1, 0.6303151246039301, 0.9080814625022305, 0.6303151246039301, 0.9080814625022305)
(1, 0.6366127554575632, 0.9078542926229094, 0.6366127554575632, 0.9078542926229094)
(1, 0.6399253293957196, 0.9083317960610652, 0.6399253293957196, 0.9083317960610652)
(1, 0.6443032039970824, 0.9078551431902929, 0.6443032039970824, 0.9078551431902929)
(1, 0.6477161386665097, 0.9082296651732065, 0.6477161386665097, 0.9082296651732065)
(1, 0.6523621513589026, 0.907894488186118, 0.6523621513589026, 0.907894488186118)
(1, 0.6560110826571548, 0.9082030768634417, 0.6560110826571548, 0.9082030768634417)
(1, 0.6609339729503257, 0.9081868002108706, 0.6609339729503257, 0.9081868002108706)
(1, 0.6654606408822109, 0.9085217423131591, 0.6654606408822109, 0.9085217423131591)
(1, 0.6700408930847557, 0.9082688019632517, 0.6700408930847557, 0.9082688019632517)
(1, 0.6731281760386293, 0.9082722392887514, 0.6731281760386293, 0.9082722392887514)
(1, 0.6775955214645735, 0.908530488437304, 0.6775955214645735, 0.908530488437304)
(1, 0.6824728517362751, 0.9085172016086946, 0.6824728517362751, 0.9085172016086946)
(1, 0.6868519226066875, 0.908489605092666, 0.6868519226066875, 0.908489605092666)
(1, 0.6930391199190874, 0.9085010892062667, 0.6930391199190874, 0.9085010892062667)
(1, 0.6957766075821409, 0.9087977632883523, 0.6957766075821409, 0.9087977632883523)
(1, 0.7002236187422071, 0.9088542661155379, 0.7002236187422071, 0.9088542661155379)
(1, 0.7045685707345551, 0.9088848251491196, 0.7045685707345551, 0.9088848251491196)
(1, 0.7084252965789548, 0.9092334922393691, 0.7084252965789548, 0.9092334922393691)
(1, 0.7152245293444002, 0.9092409410518342, 0.7152245293444002, 0.9092409410518342)
(1, 0.7192272273126035, 0.9093584131955701, 0.7192272273126035, 0.9093584131955701)
(1, 0.7237981858127837, 0.9094913675129712, 0.7237981858127837, 0.9094913675129712)
(1, 0.729206745998092, 0.9097568393613555, 0.729206745998092, 0.9097568393613555)
(1, 0.7326050440032824, 0.9099472013161604, 0.7326050440032824, 0.9099472013161604)
(1, 0.7380628896833433, 0.9101278132745477, 0.7380628896833433, 0.9101278132745477)
(1, 0.7439138275707597, 0.910275666562196, 0.7439138275707597, 0.910275666562196)
(1, 0.7471828335155662, 0.9106639054926908, 0.7471828335155662, 0.9106639054926908)
(1, 0.7527549685772672, 0.9107290808583645, 0.7527549685772672, 0.9107290808583645)
(1, 0.7569503077525721, 0.9110845691323215, 0.7569503077525721, 0.9110845691323215)
(1, 0.7635580574986323, 0.911280094754984, 0.7635580574986323, 0.911280094754984)
(1, 0.7668611527741437, 0.911593794882977, 0.7668611527741437, 0.911593794882977)
(1, 0.7726352112086161, 0.9118474086445657, 0.7726352112086161, 0.9118474086445657)
(1, 0.775277491368005, 0.9119963490987769, 0.775277491368005, 0.9119963490987769)
(1, 0.777039489670307, 0.9123713824822499, 0.777039489670307, 0.9123713824822499)
(1, 0.7787879327399481, 0.9127019141809191, 0.7787879327399481, 0.9127019141809191)
(1, 0.7805229639171392, 0.9129815978103576, 0.7805229639171392, 0.9129815978103576)
(1, 0.7822446893875201, 0.913336294279812, 0.7822446893875201, 0.913336294279812)
(1, 0.7839531551120766, 0.9136731680377763, 0.7839531551120766, 0.9136731680377763)
(1, 0.7856484572811632, 0.9140500704484407, 0.7856484572811632, 0.9140500704484407)
(1, 0.7873308069372001, 0.9143701235075213, 0.7873308069372001, 0.9143701235075213)
(1, 0.7890002170394289, 0.9147475681325468, 0.7890002170394289, 0.9147475681325468)
(1, 0.7906567279152894, 0.9151533031761941, 0.7906567279152894, 0.9151533031761941)
(1, 0.7923004810181139, 0.915553417066062, 0.7923004810181139, 0.915553417066062)
(1, 0.7939314616576739, 0.9159863757082731, 0.7939314616576739, 0.9159863757082731)
(1, 0.7955498232629962, 0.9164167377044707, 0.7955498232629962, 0.9164167377044707)
(1, 0.797155617585775, 0.916862427038977, 0.797155617585775, 0.916862427038977)
(1, 0.798748801861462, 0.9173264587798657, 0.798748801861462, 0.9173264587798657)
(1, 0.8003295026318791, 0.9177935459411742, 0.8003295026318791, 0.9177935459411742)
(1, 0.801897549501848, 0.9182799071386113, 0.801897549501848, 0.9182799071386113)
(1, 0.8034530497749157, 0.9187660792667094, 0.8034530497749157, 0.9187660792667094)
(1, 0.804996172505725, 0.9192505901499018, 0.804996172505725, 0.9192505901499018)
(1, 0.8065270561895109, 0.919733425514989, 0.8065270561895109, 0.919733425514989)
(1, 0.8080458250399031, 0.9202145714871732, 0.8080458250399031, 0.9202145714871732)
(1, 0.8095525949177603, 0.9206940145857789, 0.8095525949177603, 0.9206940145857789)
(1, 0.8110474761035057, 0.9211717417199391, 0.8110474761035057, 0.9211717417199391)
(1, 0.8125305748084731, 0.9216477401842404, 0.8125305748084731, 0.9216477401842404)
(1, 0.8140019940874466, 0.9221219976543272, 0.8140019940874466, 0.9221219976543272)
(1, 0.8154618344315452, 0.9225945021824619, 0.8154618344315452, 0.9225945021824619)
(1, 0.8169101941753603, 0.9230652421930451, 0.8169101941753603, 0.9230652421930451)
(1, 0.8183471697889401, 0.9235342064780994, 0.8183471697889401, 0.9235342064780994)
(1, 0.819772856094662, 0.9240013841927203, 0.819772856094662, 0.9240013841927203)
(1, 0.8211873464330497, 0.924466764850501, 0.8211873464330497, 0.924466764850501)
(1, 0.8225907327926903, 0.9249303383189365, 0.8225907327926903, 0.9249303383189365)
(1, 0.8239831059141804, 0.9253920948148109, 0.8239831059141804, 0.9253920948148109)
(1, 0.8253645553748254, 0.9258520248995781, 0.8253645553748254, 0.9258520248995781)
(1, 0.8267351696587723, 0.9263101194747363, 0.8267351696587723, 0.9263101194747363)
(1, 0.8280950362159186, 0.9267663697772053, 0.8280950362159186, 0.9267663697772053)
(1, 0.82944424151203, 0.9272207673747095, 0.82944424151203, 0.9272207673747095)
(1, 0.8307828710718741, 0.9276733041611714, 0.8307828710718741, 0.9276733041611714)
(1, 0.8321110095167333, 0.92812397235212, 0.8321110095167333, 0.92812397235212)
(1, 0.8334287405973408, 0.9285727644801167, 0.8334287405973408, 0.9285727644801167)
(1, 0.8347361472230467, 0.9290196733902029, 0.8347361472230467, 0.9290196733902029)
(1, 0.8360333114878519, 0.9294646922353711, 0.8360333114878519, 0.9294646922353711)
(1, 0.8373203146938125, 0.9299078144720624, 0.8373203146938125, 0.9299078144720624)
(1, 0.8385972373722178, 0.9303490338556919, 0.8385972373722178, 0.9303490338556919)
(1, 0.8398641593028693, 0.9307883444362047, 0.8398641593028693, 0.9307883444362047)
(1, 0.8411211595317274, 0.931225740553663, 0.8411211595317274, 0.931225740553663)
(1, 0.8423683163871465, 0.9316612168338662, 0.8423683163871465, 0.9316612168338662)
(1, 0.843605707494877, 0.9320947681840037, 0.843605707494877, 0.9320947681840037)
(1, 0.844833409791991, 0.9325263897883451, 0.844833409791991, 0.9325263897883451)
(1, 0.846051499539856, 0.9329560771039624, 0.846051499539856, 0.9329560771039624)
(1, 0.8472600523362691, 0.9333838258564909, 0.8472600523362691, 0.9333838258564909)
(1, 0.8484591431268396, 0.9338096320359249, 0.8484591431268396, 0.9338096320359249)
(1, 0.8496488462157045, 0.9342334918924516, 0.8496488462157045, 0.9342334918924516)
(1, 0.8508292352756427, 0.9346554019323217, 0.8508292352756427, 0.9346554019323217)
(1, 0.8520003833576476, 0.9350753589137563, 0.8520003833576476, 0.9350753589137563)
(1, 0.8531623629000121, 0.935493359842894, 0.8531623629000121, 0.935493359842894)
(1, 0.8543152457369696, 0.935909401969773, 0.8543152457369696, 0.935909401969773)
(1, 0.8554591031069319, 0.9363234827843531, 0.8554591031069319, 0.9363234827843531)
(1, 0.8565940056603604, 0.936735600012574, 0.8565940056603604, 0.936735600012574)
(1, 0.8577200234673006, 0.9371457516124536, 0.8577200234673006, 0.9371457516124536)
(1, 0.8588372260246092, 0.9375539357702212, 0.8588372260246092, 0.9375539357702212)
(1, 0.8599456822628986, 0.9379601508964917, 0.8599456822628986, 0.9379601508964917)
(1, 0.8610454605532208, 0.9383643956224755, 0.8610454605532208, 0.9383643956224755)
(1, 0.8621366287135124, 0.9387666687962276, 0.8621366287135124, 0.9387666687962276)
(1, 0.8632192540148161, 0.9391669694789329, 0.8632192540148161, 0.9391669694789329)
(1, 0.8642934031872995, 0.9395652969412306, 0.8642934031872995, 0.9395652969412306)
(1, 0.865359142426081, 0.9399616506595757, 0.865359142426081, 0.9399616506595757)
(1, 0.8664165373968814, 0.9403560303126374, 0.8664165373968814, 0.9403560303126374)
(1, 0.8674656532415093, 0.9407484357777351, 0.8674656532415093, 0.9407484357777351)
(1, 0.8685065545831938, 0.941138867127313, 0.8685065545831938, 0.941138867127313)
(1, 0.869539305531775, 0.941527324625449, 0.869539305531775, 0.941527324625449)
(1, 0.8705639696887596, 0.9419138087244036, 0.8705639696887596, 0.9419138087244036)
(1, 0.8715806101522522, 0.9422983200612036, 0.8715806101522522, 0.9422983200612036)
(1, 0.8725892895217688, 0.9426808594542642, 0.8725892895217688, 0.9426808594542642)
(1, 0.873590069902941, 0.9430614279000455, 0.873590069902941, 0.9430614279000455)
(1, 0.8745830129121154, 0.9434400265697486, 0.8745830129121154, 0.9434400265697486)
(1, 0.8755681796808563, 0.9438166568060447, 0.8755681796808563, 0.9438166568060447)
(1, 0.8765456308603571, 0.9441913201198434, 0.8765456308603571, 0.9441913201198434)
(1, 0.8775154266257629, 0.9445640181870952, 0.8775154266257629, 0.9445640181870952)
(1, 0.8784776266804134, 0.9449347528456307, 0.8784776266804134, 0.9449347528456307)
(1, 0.8794322902600066, 0.9453035260920349, 0.8794322902600066, 0.9453035260920349)
(1, 0.8803794761366893, 0.945670340078559, 0.8803794761366893, 0.945670340078559)
(1, 0.8813192426230776, 0.9460351971100651, 0.8813192426230776, 0.9460351971100651)
(1, 0.8822516475762111, 0.946398099641008, 0.8822516475762111, 0.946398099641008)
(1, 0.8831767484014439, 0.946759050272452, 0.8831767484014439, 0.946759050272452)
(1, 0.8840946020562747, 0.9471180517491221, 0.8840946020562747, 0.9471180517491221)
(1, 0.88500526505412, 0.9474751069564907, 0.88500526505412, 0.9474751069564907)
(1, 0.8859087934680325, 0.9478302189178985, 0.8859087934680325, 0.9478302189178985)
(1, 0.8868052429343657, 0.94818339079171, 0.8868052429343657, 0.94818339079171)
(1, 0.8876946686563894, 0.9485346258685037, 0.8876946686563894, 0.9485346258685037)
(1, 0.8885771254078557, 0.9488839275682964, 0.8885771254078557, 0.9488839275682964)
(1, 0.8894526675365201, 0.9492312994378009, 0.8894526675365201, 0.9492312994378009)
(1, 0.890321348967616, 0.9495767451477181, 0.890321348967616, 0.9495767451477181)
(1, 0.8911832232072877, 0.9499202684900625, 0.8911832232072877, 0.9499202684900625)
(1, 0.8920383433459811, 0.9502618733755216, 0.8920383433459811, 0.9502618733755216)
(1, 0.8928867620617946, 0.9506015638308474, 0.8928867620617946, 0.9506015638308474)
(1, 0.8937285316237918, 0.9509393439962819, 0.8937285316237918, 0.9509393439962819)
(1, 0.8945637038952764, 0.9512752181230157, 0.8945637038952764, 0.9512752181230157)
(1, 0.8953923303370301, 0.9516091905706783, 0.8953923303370301, 0.9516091905706783)
(1, 0.8962144620105176, 0.9519412658048608, 0.8962144620105176, 0.9519412658048608)
(1, 0.8970301495810549, 0.9522714483946725, 0.8970301495810549, 0.9522714483946725)
(1, 0.8978394433209465, 0.9525997430103272, 0.8978394433209465, 0.9525997430103272)
(1, 0.8986423931125894, 0.9529261544207633, 0.8986423931125894, 0.9529261544207633)
(1, 0.8994390484515467, 0.953250687491294, 0.8994390484515467, 0.953250687491294)
(1, 0.9002294584495892, 0.9535733471812902, 0.9002294584495892, 0.9535733471812902)
(1, 0.9010136718377093, 0.953894138541893, 0.9010136718377093, 0.953894138541893)
(1, 0.9017917369691038, 0.9542130667137593, 0.9017917369691038, 0.9542130667137593)
(1, 0.9025637018221302, 0.9545301369248355, 0.9025637018221302, 0.9545301369248355)
(1, 0.903329614003234, 0.9548453544881641, 0.903329614003234, 0.9548453544881641)
(1, 0.9040895207498497, 0.9551587247997193, 0.9040895207498497, 0.9551587247997193)
(1, 0.9048434689332748, 0.9554702533362726, 0.9048434689332748, 0.9554702533362726)
(1, 0.9055915050615184, 0.9557799456532884, 0.9055915050615184, 0.9557799456532884)
(1, 0.9063336752821235, 0.9560878073828498, 0.9063336752821235, 0.9560878073828498)
(1, 0.907070025384965, 0.9563938442316131, 0.907070025384965, 0.9563938442316131)
(1, 0.9078006008050231, 0.9566980619787909, 0.9078006008050231, 0.9566980619787909)
(1, 0.9085254466251328, 0.9570004664741655, 0.9085254466251328, 0.9570004664741655)
(1, 0.9092446075787086, 0.9573010636361292, 0.9092446075787086, 0.9573010636361292)
(1, 0.9099581280524477, 0.957599859449755, 0.9099581280524477, 0.957599859449755)
(1, 0.910666052089009, 0.9578968599648933, 0.910666052089009, 0.9578968599648933)
(1, 0.9113684233896701, 0.9581920712942981, 0.9113684233896701, 0.9581920712942981)
(1, 0.9120652853169617, 0.9584854996117803, 0.9120652853169617, 0.9584854996117803)
(1, 0.9127566808972813, 0.9587771511503882, 0.9127566808972813, 0.9587771511503882)
(1, 0.9134426528234838, 0.9590670322006156, 0.9134426528234838, 0.9590670322006156)
(1, 0.9141232434574517, 0.9593551491086364, 0.9141232434574517, 0.9593551491086364)
(1, 0.9147984948326444, 0.9596415082745663, 0.9147984948326444, 0.9596415082745663)
(1, 0.9154684486566271, 0.9599261161507504, 0.9154684486566271, 0.9599261161507504)
(1, 0.9161331463135783, 0.9602089792400779, 0.9161331463135783, 0.9602089792400779)
(1, 0.9167926288667778, 0.9604901040943213, 0.9167926288667778, 0.9604901040943213)
(1, 0.9174469370610754, 0.960769497312503, 0.9174469370610754, 0.960769497312503)
(1, 0.9180961113253385, 0.9610471655392858, 0.9180961113253385, 0.9610471655392858)
(1, 0.9187401917748819, 0.9613231154633894, 0.9187401917748819, 0.9613231154633894)
(1, 0.9193792182138767, 0.9615973538160318, 0.9193792182138767, 0.9615973538160318)
(1, 0.9200132301377422, 0.9618698873693953, 0.9200132301377422, 0.9618698873693953)
(1, 0.9206422667355167, 0.9621407229351162, 0.9206422667355167, 0.9621407229351162)
(1, 0.9212663668922123, 0.9624098673628007, 0.9212663668922123, 0.9624098673628007)
(1, 0.9218855691911487, 0.9626773275385619, 0.9218855691911487, 0.9626773275385619)
(1, 0.9224999119162708, 0.9629431103835836, 0.9224999119162708, 0.9629431103835836)
(1, 0.9231094330544475, 0.9632072228527043, 0.9231094330544475, 0.9632072228527043)
(1, 0.9237141702977527, 0.9634696719330271, 0.9237141702977527, 0.9634696719330271)
(1, 0.9243141610457286, 0.9637304646425514, 0.9243141610457286, 0.9637304646425514)
(1, 0.9249094424076317, 0.9639896080288268, 0.9249094424076317, 0.9639896080288268)
(1, 0.9255000512046614, 0.9642471091676307, 0.9255000512046614, 0.9642471091676307)
(1, 0.9260860239721713, 0.9645029751616669, 0.9260860239721713, 0.9645029751616669)
(1, 0.9266673969618642, 0.9647649024392128, 0.9266673969618642, 0.9647649024392128)
(1, 0.927244206143969, 0.9650419972285257, 0.927244206143969, 0.9650419972285257)
(1, 0.9278164872094019, 0.9653169175009539, 0.9278164872094019, 0.9653169175009539)
(1, 0.928384275571911, 0.9655896802521311, 0.928384275571911, 0.9655896802521311)
(1, 0.9289476063702045, 0.9658603023458859, 0.9289476063702045, 0.9658603023458859)
(1, 0.9295065144700613, 0.9661288005152487, 0.9295065144700613, 0.9661288005152487)
(1, 0.9300610344664281, 0.9663951913634492, 0.9300610344664281, 0.9663951913634492)
(1, 0.9306112006854982, 0.966659491364908, 0.9306112006854982, 0.966659491364908)
(1, 0.9311570471867755, 0.9669217168662203, 0.9311570471867755, 0.9669217168662203)
(1, 0.9316986077651229, 0.9671818840871333, 0.9316986077651229, 0.9671818840871333)
(1, 0.9322359159527945, 0.9674400091215148, 0.9322359159527945, 0.9674400091215148)
(1, 0.932769005021453, 0.9676961079383166, 0.932769005021453, 0.9676961079383166)
(1, 0.9332979079841709, 0.9679501963825291, 0.9332979079841709, 0.9679501963825291)
(1, 0.933822657597418, 0.9682022901761304, 0.933822657597418, 0.9682022901761304)
(1, 0.9343432863630322, 0.9684524049190271, 0.9343432863630322, 0.9684524049190271)
(1, 0.9348598265301766, 0.9687005560899891, 0.9348598265301766, 0.9687005560899891)
(1, 0.9353723100972807, 0.9689467590475768, 0.9353723100972807, 0.9689467590475768)
(1, 0.9358807688139678, 0.9691910290310621, 0.9358807688139678, 0.9691910290310621)
(1, 0.9363852341829673, 0.9694333811613423, 0.9363852341829673, 0.9694333811613423)
(1, 0.9368857374620128, 0.9696738304418464, 0.9368857374620128, 0.9696738304418464)
(1, 0.9373823096657253, 0.9699123917594366, 0.9373823096657253, 0.9699123917594366)
(1, 0.9378749815674832, 0.9701490798853006, 0.9378749815674832, 0.9701490798853006)
(1, 0.9383637837012765, 0.9703839094758402, 0.9383637837012765, 0.9703839094758402)
(1, 0.938848746363549, 0.9706168950735501, 0.938848746363549, 0.9706168950735501)
(1, 0.9393298996150246, 0.9708480511078929, 0.9393298996150246, 0.9708480511078929)
(1, 0.9398072732825211, 0.9710773918961658, 0.9398072732825211, 0.9710773918961658)
(1, 0.94028089696075, 0.9713049316443619, 0.94028089696075, 0.9713049316443619)
(1, 0.9407508000141022, 0.9715306844480243, 0.9407508000141022, 0.9715306844480243)
(1, 0.9412170115784206, 0.9717546642930939, 0.9412170115784206, 0.9717546642930939)
(1, 0.9416795605627597, 0.9719768850567518, 0.9416795605627597, 0.9719768850567518)
(1, 0.9421384756511307, 0.9721973605082546, 0.9421384756511307, 0.9721973605082546)
(1, 0.9425937853042345, 0.9724161043097626, 0.9425937853042345, 0.9724161043097626)
(1, 0.9430455177611814, 0.9726331300171639, 0.9430455177611814, 0.9726331300171639)
(1, 0.9434937010411972, 0.9728484510808908, 0.9434937010411972, 0.9728484510808908)
(1, 0.9439383629453171, 0.9730620808467304, 0.9439383629453171, 0.9730620808467304)
(1, 0.9443795310580663, 0.973274032556629, 0.9443795310580663, 0.973274032556629)
(1, 0.944817232749128, 0.9734843193494908, 0.944817232749128, 0.9734843193494908)
(1, 0.9452514951749992, 0.9736929542619703, 0.9452514951749992, 0.9736929542619703)
(1, 0.9456823452806336, 0.9738999502292597, 0.9456823452806336, 0.9738999502292597)
(1, 0.9461098098010713, 0.9741053200858679, 0.9461098098010713, 0.9741053200858679)
(1, 0.946533915263058, 0.9743090765663971, 0.946533915263058, 0.9743090765663971)
(1, 0.9469546879866504, 0.9745112323063104, 0.9469546879866504, 0.9745112323063104)
(1, 0.9473721540868096, 0.974711799842696, 0.9473721540868096, 0.974711799842696)
(1, 0.9477863394749837, 0.9749107916150235, 0.9477863394749837, 0.9749107916150235)
(1, 0.9481972698606764, 0.9751082199658969, 0.9481972698606764, 0.9751082199658969)
(1, 0.9486049707530055, 0.9753040971417997, 0.9486049707530055, 0.9753040971417997)
(1, 0.9490094674622489, 0.9754984352938358, 0.9490094674622489, 0.9754984352938358)
(1, 0.9494107851013783, 0.9756912464784643, 0.9494107851013783, 0.9756912464784643)
(1, 0.9498089485875827, 0.9758825426582284, 0.9498089485875827, 0.9758825426582284)
(1, 0.9502039826437787, 0.9760723357024798, 0.9502039826437787, 0.9760723357024798)
(1, 0.9505959118001107, 0.9762606373880967, 0.9505959118001107, 0.9762606373880967)
(1, 0.950984760395439, 0.9764474594001965, 0.950984760395439, 0.9764474594001965)
(1, 0.9513705525788168, 0.976632813332844, 0.9513705525788168, 0.976632813332844)
(1, 0.9517533123109558, 0.9768167106897531, 0.9517533123109558, 0.9768167106897531)
(1, 0.9521330633656817, 0.9769991628849832, 0.9521330633656817, 0.9769991628849832)
(1, 0.9525098293313764, 0.977180181243632, 0.9525098293313764, 0.977180181243632)
(1, 0.9528836336124121, 0.9773597770025209, 0.9528836336124121, 0.9773597770025209)
(1, 0.9532544994305725, 0.9775379613108762, 0.9532544994305725, 0.9775379613108762)
(1, 0.9536224498264633, 0.9777147452310058, 0.9536224498264633, 0.9777147452310058)
(1, 0.9539875076609136, 0.9778901397389692, 0.9539875076609136, 0.9778901397389692)
(1, 0.9543496956163645, 0.978064155725244, 0.9543496956163645, 0.978064155725244)
(1, 0.9547090361982491, 0.9782368039953865, 0.9547090361982491, 0.9782368039953865)
(1, 0.9550655517363603, 0.9784080952706872, 0.9550655517363603, 0.9784080952706872)
(1, 0.9554192643862097, 0.9785780401888218, 0.9554192643862097, 0.9785780401888218)
(1, 0.9557701961303751, 0.9787466493044972, 0.9557701961303751, 0.9787466493044972)
(1, 0.956118368779838, 0.9789139330900919, 0.956118368779838, 0.9789139330900919)
(1, 0.9564638039753117, 0.9790799019362927, 0.9564638039753117, 0.9790799019362927)
(1, 0.956806523188558, 0.9792445661527258, 0.956806523188558, 0.9792445661527258)
(1, 0.9571465477236947, 0.9794079359685829, 0.9571465477236947, 0.9794079359685829)
(1, 0.9574838987184935, 0.9795700215332434, 0.9574838987184935, 0.9795700215332434)
(1, 0.9578185971456668, 0.9797308329168911, 0.9578185971456668, 0.9797308329168911)
(1, 0.9581506638141459, 0.9798903801111266, 0.9581506638141459, 0.9798903801111266)
(1, 0.9584801193703488, 0.980048673029575, 0.9584801193703488, 0.980048673029575)
(1, 0.9588069842994386, 0.9802057215084886, 0.9588069842994386, 0.9802057215084886)
(1, 0.9591312789265719, 0.980361535307346, 0.9591312789265719, 0.980361535307346)
(1, 0.9594530234181389, 0.9805161241094453, 0.9594530234181389, 0.9805161241094453)
(1, 0.9597722377829919, 0.9806694975224939, 0.9597722377829919, 0.9806694975224939)
(1, 0.9600889418736671, 0.9808216650791931, 0.9600889418736671, 0.9808216650791931)
(1, 0.9604031553875946, 0.9809726362378189, 0.9604031553875946, 0.9809726362378189)
(1, 0.9607148978683006, 0.981122420382798, 0.9607148978683006, 0.981122420382798)
(1, 0.9610241887066003, 0.9812710268252786, 0.9610241887066003, 0.9812710268252786)
(1, 0.9613310471417816, 0.9814184648036989, 0.9613310471417816, 0.9814184648036989)
(1, 0.961635492262779, 0.9815647434843495, 0.961635492262779, 0.9815647434843495)
(1, 0.9619375430093398, 0.9817098719619318, 0.9619375430093398, 0.9817098719619318)
(1, 0.9622372181731805, 0.9818538592601129, 0.9622372181731805, 0.9818538592601129)
(1, 0.9625345363991349, 0.9819967143320755, 0.9625345363991349, 0.9819967143320755)
(1, 0.962829516186293, 0.9821384460610639, 0.962829516186293, 0.9821384460610639)
(1, 0.9631221758891313, 0.982279063260926, 0.9631221758891313, 0.982279063260926)
(1, 0.9634125337186349, 0.9824185746766508, 0.9634125337186349, 0.9824185746766508)
(1, 0.9637006077434104, 0.9825569889849024, 0.9637006077434104, 0.9825569889849024)
(1, 0.9639864158907906, 0.9826943147945487, 0.9639864158907906, 0.9826943147945487)
(1, 0.9642699759479307, 0.9828305606471877, 0.9642699759479307, 0.9828305606471877)
(1, 0.9645513055628965, 0.9829657350176687, 0.9645513055628965, 0.9829657350176687)
(1, 0.9648304222457432, 0.9830998463146094, 0.9648304222457432, 0.9830998463146094)
(1, 0.9651073433695875, 0.9832329028809104, 0.9651073433695875, 0.9832329028809104)
(1, 0.9653820861716699, 0.9833649129942634, 0.9653820861716699, 0.9833649129942634)
(1, 0.9656546677544101, 0.9834958848676584, 0.9656546677544101, 0.9834958848676584)
(1, 0.9659251050864538, 0.9836258266498843, 0.9659251050864538, 0.9836258266498843)
(1, 0.9661934150037113, 0.9837547464260279, 0.9661934150037113, 0.9837547464260279)
(1, 0.9664596142103886, 0.9838826522179673, 0.9664596142103886, 0.9838826522179673)
(1, 0.9667237192800102, 0.9840095519848631, 0.9667237192800102, 0.9840095519848631)
(1, 0.9669857466564346, 0.9841354536236443, 0.9669857466564346, 0.9841354536236443)
(1, 0.9672457126548609, 0.9842603649694919, 0.9672457126548609, 0.9842603649694919)
(1, 0.9675036334628297, 0.9843842937963176, 0.9675036334628297, 0.9843842937963176)
(1, 0.9677595251412136, 0.98450724781724, 0.9677595251412136, 0.98450724781724)
(1, 0.9680134036252026, 0.9846292346850561, 0.9680134036252026, 0.9846292346850561)
(1, 0.9682652847252807, 0.9847502619927097, 0.9682652847252807, 0.9847502619927097)
(1, 0.9685151841281949, 0.9848703372737562, 0.9685151841281949, 0.9848703372737562)
(1, 0.9687631173979177, 0.9849894680028239, 0.9687631173979177, 0.9849894680028239)
(1, 0.9690090999766008, 0.9851076615960715, 0.9690090999766008, 0.9851076615960715)
(1, 0.9692531471855231, 0.9852249254116425, 0.9692531471855231, 0.9852249254116425)
(1, 0.9694952742260302, 0.9853412667501151, 0.9694952742260302, 0.9853412667501151)
(1, 0.969735496180467, 0.9854566928549507, 0.969735496180467, 0.9854566928549507)
(1, 0.9699738280131034, 0.9855712109129365, 0.9699738280131034, 0.9855712109129365)
(1, 0.970210284571053, 0.9856848280546265, 0.970210284571053, 0.9856848280546265)
(1, 0.9704448805851837, 0.9857975513547785, 0.9704448805851837, 0.9857975513547785)
(1, 0.970677630671023, 0.9859093878327873, 0.970677630671023, 0.9859093878327873)
(1, 0.9709085493296548, 0.9860203444531155, 0.9709085493296548, 0.9860203444531155)
(1, 0.97113765094861, 0.9861304281257205, 0.97113765094861, 0.9861304281257205)
(1, 0.9713649498027506, 0.9862396457064779, 0.9713649498027506, 0.9862396457064779)
(1, 0.9715904600551457, 0.9863480039976023, 0.9715904600551457, 0.9863480039976023)
(1, 0.9718141957579429, 0.9864555097480644, 0.9718141957579429, 0.9864555097480644)
(1, 0.9720361708532305, 0.9865621696540051, 0.9720361708532305, 0.9865621696540051)
(1, 0.972256399173895, 0.9866679903591465, 0.972256399173895, 0.9866679903591465)
(1, 0.9724748944444712, 0.9867729784551995, 0.9724748944444712, 0.9867729784551995)
(1, 0.9726916702819858, 0.9868771404822684, 0.9726916702819858, 0.9868771404822684)
(1, 0.9729067401967946, 0.9869804829292521, 0.9729067401967946, 0.9869804829292521)
(1, 0.9731201175934132, 0.9870830122342434, 0.9731201175934132, 0.9870830122342434)
(1, 0.9733318157713414, 0.9871847347849231, 0.9733318157713414, 0.9871847347849231)
(1, 0.973541847925881, 0.9872856569189533, 0.973541847925881, 0.9872856569189533)
(1, 0.9737502271489479, 0.9873857849243661, 0.9737502271489479, 0.9873857849243661)
(1, 0.973956966429877, 0.9874851250399501, 0.973956966429877, 0.9874851250399501)
(1, 0.9741620786562216, 0.9875836834556336, 0.9741620786562216, 0.9875836834556336)
(1, 0.974365576614547, 0.9876814663128654, 0.974365576614547, 0.9876814663128654)
(1, 0.9745674729912166, 0.9877784797049911, 0.9745674729912166, 0.9877784797049911)
(1, 0.9747677803731732, 0.9878747296776292, 0.9747677803731732, 0.9878747296776292)
(1, 0.9749665112487143, 0.9879702222290415, 0.9749665112487143, 0.9879702222290415)
(1, 0.9751636780082598, 0.9880649633105024, 0.9751636780082598, 0.9880649633105024)
(1, 0.9753592929451164, 0.9881589588266649, 0.9753592929451164, 0.9881589588266649)
(1, 0.9755533682562336, 0.9882522146359233, 0.9755533682562336, 0.9882522146359233)
(1, 0.9757459160429556, 0.9883447365507739, 0.9757459160429556, 0.9883447365507739)
(1, 0.9759369483117663, 0.9884365303381728, 0.9759369483117663, 0.9884365303381728)
(1, 0.976126476975029, 0.98852760171989, 0.976126476975029, 0.98852760171989)
(1, 0.9763145138517209, 0.9886179563728618, 0.9763145138517209, 0.9886179563728618)
(1, 0.9765010706681608, 0.9887075999295403, 0.9765010706681608, 0.9887075999295403)
(1, 0.9766861590587322, 0.9887965379782401, 0.9766861590587322, 0.9887965379782401)
(1, 0.9768697905666002, 0.9888847760634817, 0.9768697905666002, 0.9888847760634817)
(1, 0.977051976644423, 0.9889723196863336, 0.977051976644423, 0.9889723196863336)
(1, 0.9772327286550582, 0.9890591743047504, 0.9772327286550582, 0.9890591743047504)
(1, 0.9774120578722633, 0.9891453453339093, 0.9774120578722633, 0.9891453453339093)
(1, 0.977589975481391, 0.9892308381465433, 0.977589975481391, 0.9892308381465433)
(1, 0.9777664925800789, 0.9893156580732724, 0.9777664925800789, 0.9893156580732724)
(1, 0.977941620178934, 0.9893998104029315, 0.977941620178934, 0.9893998104029315)
(1, 0.9781153692022122, 0.9894833003828964, 0.9781153692022122, 0.9894833003828964)
(1, 0.9782877504884918, 0.989566133219408, 0.9782877504884918, 0.989566133219408)
(1, 0.9784587747913426, 0.9896483140778914, 0.9784587747913426, 0.9896483140778914)
(1, 0.9786284527799894, 0.9897298480832761, 0.9786284527799894, 0.9897298480832761)
(1, 0.9787967950399704, 0.9898107403203102, 0.9787967950399704, 0.9898107403203102)
(1, 0.9789638120737905, 0.989890995833875, 0.9789638120737905, 0.989890995833875)
(1, 0.9791295143015698, 0.9899706196292956, 0.9791295143015698, 0.9899706196292956)
(1, 0.9792939120616867, 0.9900496166726496, 0.9792939120616867, 0.9900496166726496)
(1, 0.9794570156114162, 0.990127991891073, 0.9794570156114162, 0.990127991891073)
(1, 0.9796188351275635, 0.9902057501730649, 0.9796188351275635, 0.9902057501730649)
(1, 0.9797793807070923, 0.9902828963687879, 0.9797793807070923, 0.9902828963687879)
(1, 0.979938662367748, 0.9903594352903682, 0.979938662367748, 0.9903594352903682)
(1, 0.9800966900486773, 0.9904353717121919, 0.9800966900486773, 0.9904353717121919)
(1, 0.9802534736110416, 0.9905107103712001, 0.9802534736110416, 0.9905107103712001)
(1, 0.9804090228386265, 0.9905854559671807, 0.9804090228386265, 0.9905854559671807)
(1, 0.9805633474384459, 0.9906596131630586, 0.9805633474384459, 0.9906596131630586)
(1, 0.9807164570413421, 0.9907331865851836, 0.9807164570413421, 0.9907331865851836)
(1, 0.9808683612025814, 0.990806180823616, 0.9808683612025814, 0.990806180823616)
(1, 0.9810190694024438, 0.9908786004324097, 0.9810190694024438, 0.9908786004324097)
(1, 0.9811685910468093, 0.9909504499298936, 0.9811685910468093, 0.9909504499298936)
(1, 0.98131693546774, 0.9910217337989506, 0.98131693546774, 0.9910217337989506)
(1, 0.9814641119240561, 0.9910924564872942, 0.9814641119240561, 0.9910924564872942)
(1, 0.9816101296019091, 0.9911626224077432, 0.9816101296019091, 0.9911626224077432)
(1, 0.9817549976153488, 0.9912322359384949, 0.9817549976153488, 0.9912322359384949)
(1, 0.9818987250068884, 0.9913013014233943, 0.9818987250068884, 0.9913013014233943)
(1, 0.9820413207480625, 0.9913698231722039, 0.9820413207480625, 0.9913698231722039)
(1, 0.9821827937399826, 0.9914378054608687, 0.9821827937399826, 0.9914378054608687)
(1, 0.9823231528138877, 0.9915052525317812, 0.9823231528138877, 0.9915052525317812)
(1, 0.9824624067316905, 0.9915721685940436, 0.9824624067316905, 0.9915721685940436)
(1, 0.9826005641865192, 0.991638557823727, 0.9826005641865192, 0.991638557823727)
(1, 0.9827376338032561, 0.9917044243641309, 0.9827376338032561, 0.9917044243641309)
(1, 0.9828736241390708, 0.991769772326038, 0.9828736241390708, 0.991769772326038)
(1, 0.9830085436839499, 0.9918346057879692, 0.9830085436839499, 0.9918346057879692)
(1, 0.9831424008612223, 0.9918989287964357, 0.9831424008612223, 0.9918989287964357)
(1, 0.9832752040280811, 0.9919627453661886, 0.9832752040280811, 0.9919627453661886)
(1, 0.9834069614761003, 0.9920260594804676, 0.9834069614761003, 0.9920260594804676)
(1, 0.9835376814317485, 0.9920888750912477, 0.9835376814317485, 0.9920888750912477)
(1, 0.9836673720568981, 0.9921511961194825, 0.9836673720568981, 0.9921511961194825)
(1, 0.9837960414493311, 0.9922130264553484, 0.9837960414493311, 0.9922130264553484)
(1, 0.9839236976432394, 0.9922743699584835, 0.9839236976432394, 0.9922743699584835)
(1, 0.9840503486097237, 0.9923352304582274, 0.9840503486097237, 0.9923352304582274)
(1, 0.9841760022572865, 0.992395611753858, 0.9841760022572865, 0.992395611753858)
(1, 0.9843006664323221, 0.9924555176148268, 0.9843006664323221, 0.9924555176148268)
(1, 0.9844243489196024, 0.9925149517809911, 0.9844243489196024, 0.9925149517809911)
(1, 0.9845470574427595, 0.9925739179628471, 0.9845470574427595, 0.9925739179628471)
(1, 0.9846687996647642, 0.9926324198417581, 0.9846687996647642, 0.9926324198417581)
(1, 0.9847895831884006, 0.992690461070183, 0.9847895831884006, 0.992690461070183)
(1, 0.9849094155567374, 0.9927480452719027, 0.9849094155567374, 0.9927480452719027)
(1, 0.9850283042535952, 0.9928051760422439, 0.9850283042535952, 0.9928051760422439)
(1, 0.9851462567040102, 0.9928618569483021, 0.9851462567040102, 0.9928618569483021)
(1, 0.9852632802746948, 0.9929180915291619, 0.9852632802746948, 0.9929180915291619)
(1, 0.9853793822744941, 0.9929738832961169, 0.9853793822744941, 0.9929738832961169)
(1, 0.9854945699548384, 0.9930292357328867, 0.9854945699548384, 0.9930292357328867)
(1, 0.9856088505101939, 0.993084152295833, 0.9856088505101939, 0.993084152295833)
(1, 0.9857222310785074, 0.9931386364141733, 0.9857222310785074, 0.9931386364141733)
(1, 0.9858347187416501, 0.9931926914901936, 0.9858347187416501, 0.9931926914901936)
(1, 0.9859463205258557, 0.9932463208994589, 0.9859463205258557, 0.9932463208994589)
(1, 0.9860570434021572, 0.9932995279910226, 0.9860570434021572, 0.9932995279910226)
(1, 0.9861668942868179, 0.9933523160876343, 0.9861668942868179, 0.9933523160876343)
(1, 0.9862758800417618, 0.9934046884859448, 0.9862758800417618, 0.9934046884859448)
(1, 0.9863840074749982, 0.9934566484567113, 0.9863840074749982, 0.9934566484567113)
(1, 0.9864912833410443, 0.9935081992449998, 0.9864912833410443, 0.9935081992449998)
(1, 0.9865977143413442, 0.9935593440703858, 0.9865977143413442, 0.9935593440703858)
(1, 0.9867033071246852, 0.9936100861271547, 0.9867033071246852, 0.9936100861271547)
(1, 0.9868080682876094, 0.993660428584499, 0.9868080682876094, 0.993660428584499)
(1, 0.9869120043748233, 0.9937103745867155, 0.9869120043748233, 0.9937103745867155)
(1, 0.9870151218796046, 0.9937599272533996, 0.9870151218796046, 0.9937599272533996)
(1, 0.9871174272442041, 0.9938090896796392, 0.9871174272442041, 0.9938090896796392)
(1, 0.9872189268602466, 0.9938578649362063, 0.9872189268602466, 0.9938578649362063)
(1, 0.9873196270691266, 0.9939062560697478, 0.9873196270691266, 0.9939062560697478)
(1, 0.9874195341624026, 0.993954266102974, 0.9874195341624026, 0.993954266102974)
(1, 0.9875186543821872, 0.9940018980348464, 0.9875186543821872, 0.9940018980348464)
(1, 0.9876169939215352, 0.9940491548407636, 0.9876169939215352, 0.9940491548407636)
(1, 0.9877145589248273, 0.994096039472746, 0.9877145589248273, 0.994096039472746)
(1, 0.9878113554881521, 0.9941425548596188, 0.9878113554881521, 0.9941425548596188)
(1, 0.9879073896596847, 0.9941887039071935, 0.9879073896596847, 0.9941887039071935)
(1, 0.9880026674400618, 0.9942344894984486, 0.9880026674400618, 0.9942344894984486)
(1, 0.9880971947827547, 0.9942799144937086, 0.9880971947827547, 0.9942799144937086)
(1, 0.988190977594439, 0.9943249817308206, 0.988190977594439, 0.9943249817308206)
(1, 0.9882840217353611, 0.9943696940253315, 0.9882840217353611, 0.9943696940253315)
(1, 0.9883763330197028, 0.9944140541706622, 0.9883763330197028, 0.9944140541706622)
(1, 0.9884679172159418, 0.9944580649382808, 0.9884679172159418, 0.9944580649382808)
(1, 0.9885587800472107, 0.9945017290778749, 0.9885587800472107, 0.9945017290778749)
(1, 0.9886489271916515, 0.9945450493175226, 0.9886489271916515, 0.9945450493175226)
(1, 0.9887383642827698, 0.9945880283638612, 0.9887383642827698, 0.9945880283638612)
(1, 0.9888270969097835, 0.9946306689022554, 0.9888270969097835, 0.9946306689022554)
(1, 0.9889151306179708, 0.9946729735969646, 0.9889151306179708, 0.9946729735969646)
(1, 0.9890024709090145, 0.9947149450913074, 0.9890024709090145, 0.9947149450913074)
(1, 0.989089123241344, 0.9947565860078268, 0.989089123241344, 0.9947565860078268)
(1, 0.9891750930304745, 0.9947978989484519, 0.9891750930304745, 0.9947978989484519)
(1, 0.9892603856493435, 0.9948388864946607, 0.9892603856493435, 0.9948388864946607)
(1, 0.9893450064286448, 0.994879551207639, 0.9893450064286448, 0.994879551207639)
(1, 0.9894289606571597, 0.9949198956284412, 0.9894289606571597, 0.9949198956284412)
(1, 0.9895122535820859, 0.9949599222781466, 0.9895122535820859, 0.9949599222781466)
(1, 0.9895948904093639, 0.9949996336580165, 0.9895948904093639, 0.9949996336580165)
(1, 0.9896768763039998, 0.9950390322496504, 0.9896768763039998, 0.9950390322496504)
(1, 0.9897582163903873, 0.9950781205151389, 0.9897582163903873, 0.9950781205151389)
(1, 0.9898389157526262, 0.9951169008972175, 0.9898389157526262, 0.9951169008972175)
(1, 0.9899189794348376, 0.9951553758194179, 0.9899189794348376, 0.9951553758194179)
(1, 0.989998412441479, 0.995193547686219, 0.989998412441479, 0.995193547686219)
(1, 0.9900772197376542, 0.9952314188831962, 0.9900772197376542, 0.9952314188831962)
(1, 0.9901554062494224, 0.9952689917771694, 0.9901554062494224, 0.9952689917771694)
(1, 0.9902329768641054, 0.9953062687163504, 0.9902329768641054, 0.9953062687163504)
(1, 0.9903099364305903, 0.9953432520304886, 0.9903099364305903, 0.9953432520304886)
(1, 0.9903862897596318, 0.995379944031016, 0.9903862897596318, 0.995379944031016)
(1, 0.9904620416241514, 0.9954163470111907, 0.9904620416241514, 0.9954163470111907)
(1, 0.9905371967595341, 0.9954524632462399, 0.9905371967595341, 0.9954524632462399)
(1, 0.9906117598639229, 0.9954882949935006, 0.9906117598639229, 0.9954882949935006)
(1, 0.9906857355985115, 0.9955238444925604, 0.9906857355985115, 0.9955238444925604)
(1, 0.9907591285878337, 0.9955591139653966, 0.9907591285878337, 0.9955591139653966)
(1, 0.9908319434200514, 0.9955941056165151, 0.9908319434200514, 0.9955941056165151)
(1, 0.9909041846472404, 0.9956288216330857, 0.9909041846472404, 0.9956288216330857)
(1, 0.9909758567856729, 0.9956632641850801, 0.9909758567856729, 0.9956632641850801)
(1, 0.9910469643160994, 0.9956974354254056, 0.9910469643160994, 0.9956974354254056)
(1, 0.9911175116840265, 0.9957313374900392, 0.9911175116840265, 0.9957313374900392)
(1, 0.9911875032999946, 0.9957649724981606, 0.9911875032999946, 0.9957649724981606)
(1, 0.9912569435398515, 0.9957983425522846, 0.9912569435398515, 0.9957983425522846)
(1, 0.9913258367450253, 0.9958314497383903, 0.9913258367450253, 0.9958314497383903)
(1, 0.9913941872227945, 0.9958642961260524, 0.9913941872227945, 0.9958642961260524)
(1, 0.991461999246556, 0.9958968837685692, 0.991461999246556, 0.9958968837685692)
(1, 0.9915292770560907, 0.9959292147030904, 0.9915292770560907, 0.9959292147030904)
(1, 0.9915960248578285, 0.9959612909507441, 0.9915960248578285, 0.9959612909507441)
(1, 0.9916622468251092, 0.9959931145167622, 0.9916622468251092, 0.9959931145167622)
(1, 0.9917279470984424, 0.9960246873906053, 0.9917279470984424, 0.9960246873906053)
(1, 0.9917931297857657, 0.9960560115460866, 0.9917931297857657, 0.9960560115460866)
(1, 0.9918577989627003, 0.9960870889414944, 0.9918577989627003, 0.9960870889414944)
(1, 0.9919219586728044, 0.9961179215197146, 0.9919219586728044, 0.9961179215197146)
(1, 0.9919856129278254, 0.9961485112083506, 0.9919856129278254, 0.9961485112083506)
(1, 0.9920487657079496, 0.9961788599198445, 0.9920487657079496, 0.9961788599198445)
(1, 0.9921114209620501, 0.9962089695515948, 0.9921114209620501, 0.9962089695515948)
(1, 0.9921735826079322, 0.9962388419860756, 0.9921735826079322, 0.9962388419860756)
(1, 0.9922352545325782, 0.9962684790909533, 0.9922352545325782, 0.9962684790909533)
(1, 0.9922964405923889, 0.9962978827192026, 0.9922964405923889, 0.9962978827192026)
(1, 0.992357144613424, 0.9963270547092223, 0.992357144613424, 0.9963270547092223)
(1, 0.9924173703916402, 0.9963559968849497, 0.9924173703916402, 0.9963559968849497)
(1, 0.992477121693128, 0.9963847110559737, 0.992477121693128, 0.9963847110559737)
(1, 0.9925364022543458, 0.9964131990176478, 0.9925364022543458, 0.9964131990176478)
(1, 0.9925952157823532, 0.996441462551202, 0.9925952157823532, 0.996441462551202)
(1, 0.9926535659550414, 0.9964695034238537, 0.9926535659550414, 0.9964695034238537)
(1, 0.9927114564213626, 0.996497323388917, 0.9927114564213626, 0.996497323388917)
(1, 0.9927688908015572, 0.9965249241859129, 0.9927688908015572, 0.9965249241859129)
(1, 0.9928258726873798, 0.996552307540677, 0.9928258726873798, 0.996552307540677)
(1, 0.992882405642322, 0.9965794751654674, 0.992882405642322, 0.9965794751654674)
(1, 0.9929384932018355, 0.9966064287590706, 0.9929384932018355, 0.9966064287590706)
(1, 0.9929941388735517, 0.996633170006908, 0.9929941388735517, 0.996633170006908)
(1, 0.9930493461375005, 0.9966597005811407, 0.9930493461375005, 0.9966597005811407)
(1, 0.9931041184463272, 0.9966860221407734, 0.9931041184463272, 0.9966860221407734)
(1, 0.9931584592255074, 0.9967121363317581, 0.9931584592255074, 0.9967121363317581)
(1, 0.9932123718735608, 0.9967380447870963, 0.9932123718735608, 0.9967380447870963)
(1, 0.9932658597622628, 0.9967637491269408, 0.9932658597622628, 0.9967637491269408)
(1, 0.9933189262368546, 0.9967892509586967, 0.9933189262368546, 0.9967892509586967)
(1, 0.9933715746162518, 0.9968145518771216, 0.9933715746162518, 0.9968145518771216)
(1, 0.9934238081932513, 0.9968396534644248, 0.9934238081932513, 0.9968396534644248)
(1, 0.9934756302347363, 0.9968645572903659, 0.9934756302347363, 0.9968645572903659)
(1, 0.9935270439818803, 0.9968892649123526, 0.9935270439818803, 0.9968892649123526)
(1, 0.9935780526503486, 0.9969137778755378, 0.9935780526503486, 0.9969137778755378)
(1, 0.9936286594304994, 0.9969380977129159, 0.9936286594304994, 0.9969380977129159)
(1, 0.9936788674875822, 0.9969622259454181, 0.9936788674875822, 0.9969622259454181)
(1, 0.9937286799619351, 0.9969861640820074, 0.9937286799619351, 0.9969861640820074)
(1, 0.9937780999691812, 0.9970099136197724, 0.9937780999691812, 0.9970099136197724)
(1, 0.9938271306004218, 0.9970334760440211, 0.9938271306004218, 0.9970334760440211)
(1, 0.9938757749224303, 0.997056852828373, 0.9938757749224303, 0.997056852828373)
(1, 0.9939240359778422, 0.9970800454348506, 0.9939240359778422, 0.9970800454348506)
(1, 0.9939719167853458, 0.9971030553139717, 0.9939719167853458, 0.9971030553139717)
(1, 0.9940194203398701, 0.9971258839048384, 0.9940194203398701, 0.9971258839048384)
(1, 0.9940665496127713, 0.997148532635228, 0.9940665496127713, 0.997148532635228)
(1, 0.9941133075520182, 0.997171002921681, 0.9941133075520182, 0.997171002921681)
(1, 0.9941596970823764, 0.9971932961695903, 0.9941596970823764, 0.9971932961695903)
(1, 0.9942057211055901, 0.9972154137732879, 0.9942057211055901, 0.9972154137732879)
(1, 0.9942513825005637, 0.9972373571161328, 0.9942513825005637, 0.9972373571161328)
(1, 0.9942966841235406, 0.9972591275705963, 0.9942966841235406, 0.9972591275705963)
(1, 0.9943416288082818, 0.997280726498348, 0.9943416288082818, 0.997280726498348)
(1, 0.9943862193662429, 0.997302155250341, 0.9943862193662429, 0.997302155250341)
(1, 0.9944304585867488, 0.9973234151668955, 0.9944304585867488, 0.9973234151668955)
(1, 0.994474349237168, 0.9973445075777827, 0.994474349237168, 0.9973445075777827)
(1, 0.9945178940630854, 0.9973654338023078, 0.9945178940630854, 0.9973654338023078)
(1, 0.9945610957884734, 0.9973861951493921, 0.9945610957884734, 0.9973861951493921)
(1, 0.9946039571158612, 0.9974067929176545, 0.9946039571158612, 0.9974067929176545)
(1, 0.9946464807265049, 0.9974272283954928, 0.9946464807265049, 0.9974272283954928)
(1, 0.994688669280553, 0.9974475028611637, 0.994688669280553, 0.9974475028611637)
(1, 0.9947305254172135, 0.9974676175828627, 0.9947305254172135, 0.9974676175828627)
(1, 0.9947720517549183, 0.9974875738188035, 0.9947720517549183, 0.9974875738188035)
(1, 0.9948132508914865, 0.9975073728172957, 0.9948132508914865, 0.9975073728172957)
(1, 0.9948541254042862, 0.9975270158168233, 0.9948541254042862, 0.9975270158168233)
(1, 0.9948946778503958, 0.9975465040461217, 0.9948946778503958, 0.9975465040461217)
(1, 0.9949349107667629, 0.9975658387242542, 0.9949349107667629, 0.9975658387242542)
(1, 0.9949748266703636, 0.9975850210606886, 0.9949748266703636, 0.9975850210606886)
(1, 0.9950144280583585, 0.9976040522553715, 0.9950144280583585, 0.9976040522553715)
(1, 0.9950537174082492, 0.9976229334988049, 0.9950537174082492, 0.9976229334988049)
(1, 0.9950926971780323, 0.9976416659721186, 0.9950926971780323, 0.9976416659721186)
(1, 0.9951313698063534, 0.9976602508471448, 0.9951313698063534, 0.9976602508471448)
(1, 0.995169737712659, 0.9976786892864916, 0.995169737712659, 0.9976786892864916)
(1, 0.9952078032973475, 0.9976969824436148, 0.9952078032973475, 0.9976969824436148)
(1, 0.9952455689419187, 0.9977151314628899, 0.9952455689419187, 0.9977151314628899)
(1, 0.995283037009123, 0.997733137479684, 0.995283037009123, 0.997733137479684)
(1, 0.9953202098431086, 0.997751001620426, 0.9953202098431086, 0.997751001620426)
(1, 0.9953570897695676, 0.9977687250026773, 0.9953570897695676, 0.9977687250026773)
(1, 0.9953936790958814, 0.9977863087352019, 0.9953936790958814, 0.9977863087352019)
(1, 0.9954299801112645, 0.9978037539180344, 0.9954299801112645, 0.9978037539180344)
(1, 0.9954659950869077, 0.9978210616425498, 0.9954659950869077, 0.9978210616425498)
(1, 0.9955017262761195, 0.9978382329915311, 0.9955017262761195, 0.9978382329915311)
(1, 0.9955371759144671, 0.9978552690392366, 0.9955371759144671, 0.9978552690392366)
(1, 0.9955723462199157, 0.9978721708514676, 0.9955723462199157, 0.9978721708514676)
(1, 0.9956072393929669, 0.9978889394856345, 0.9956072393929669, 0.9978889394856345)
(1, 0.9956418576167964, 0.9979055759908225, 0.9956418576167964, 0.9979055759908225)
(1, 0.9956762030573897, 0.997922081407858, 0.9956762030573897, 0.997922081407858)
(1, 0.995710277863678, 0.9979384567693722, 0.995710277863678, 0.9979384567693722)
(1, 0.9957440841676721, 0.997954703099867, 0.9957440841676721, 0.997954703099867)
(1, 0.9957776240845951, 0.997970821415778, 0.9957776240845951, 0.997970821415778)
(1, 0.995810899713015, 0.9979868127255378, 0.995810899713015, 0.9979868127255378)
(1, 0.9958439131349752, 0.99800267802964, 0.9958439131349752, 0.99800267802964)
(1, 0.9958766664161254, 0.9980184183207005, 0.9958766664161254, 0.9980184183207005)
(1, 0.9959091616058493, 0.99803403458352, 0.9959091616058493, 0.99803403458352)
(1, 0.9959414007373936, 0.9980495277951454, 0.9959414007373936, 0.9980495277951454)
(1, 0.9959733858279944, 0.9980648989249309, 0.9959733858279944, 0.9980648989249309)
(1, 0.9960051188790034, 0.9980801489345981, 0.9960051188790034, 0.9980801489345981)
(1, 0.9960366018760127, 0.9980952787782966, 0.9960366018760127, 0.9980952787782966)
(1, 0.996067836788979, 0.9981102894026633, 0.996067836788979, 0.9981102894026633)
(1, 0.9960988255723464, 0.9981251817468811, 0.9960988255723464, 0.9981251817468811)
(1, 0.9961295701651683, 0.9981399567427383, 0.9961295701651683, 0.9981399567427383)
(1, 0.9961600724912292, 0.9981546153146861, 0.9961600724912292, 0.9981546153146861)
(1, 0.9961903344591638, 0.9981691583798967, 0.9961903344591638, 0.9981691583798967)
(1, 0.9962203579625772, 0.9981835868483206, 0.9962203579625772, 0.9981835868483206)
(1, 0.9962501448801624, 0.998197901622743, 0.9962501448801624, 0.998197901622743)
(1, 0.9962796970758179, 0.9982121035988404, 0.9962796970758179, 0.9982121035988404)
(1, 0.9963090163987642, 0.9982261936652368, 0.9963090163987642, 0.9982261936652368)
(1, 0.9963381046836592, 0.9982401727035586, 0.9963381046836592, 0.9982401727035586)
(1, 0.996366963750713, 0.9982540415884903, 0.996366963750713, 0.9982540415884903)
(1, 0.996395595405801, 0.9982678011878287, 0.996395595405801, 0.9982678011878287)
(1, 0.9964240014405772, 0.9982814523625368, 0.9964240014405772, 0.9982814523625368)
(1, 0.9964521836325861, 0.9982949959667985, 0.9964521836325861, 0.9982949959667985)
(1, 0.9964801437453735, 0.9983084328480709, 0.9964801437453735, 0.9983084328480709)
(1, 0.9965078835285966, 0.9983217638471381, 0.9965078835285966, 0.9983217638471381)
(1, 0.9965354047181338, 0.998334989798163, 0.9965354047181338, 0.998334989798163)
(1, 0.9965627090361924, 0.9983481115287398, 0.9965627090361924, 0.9983481115287398)
(1, 0.9965897981916368, 0.9983611298599891, 0.9965897981916368, 0.9983611298599891)
(1, 0.9966166738794275, 0.9983740456064824, 0.9966166738794275, 0.9983740456064824)
(1, 0.9966433377814021, 0.9983868595764139, 0.9966433377814021, 0.9983868595764139)
(1, 0.9966697915661527, 0.998399572571615, 0.9966697915661527, 0.998399572571615)
(1, 0.9966960368891299, 0.9984121853876025, 0.9966960368891299, 0.9984121853876025)
(1, 0.9967220753927467, 0.9984246988136283, 0.9967220753927467, 0.9984246988136283)
(1, 0.996747908706481, 0.9984371136327294, 0.996747908706481, 0.9984371136327294)
(1, 0.996773538446977, 0.9984494306217759, 0.996773538446977, 0.9984494306217759)
(1, 0.9967989662181467, 0.9984616505515206, 0.9967989662181467, 0.9984616505515206)
(1, 0.9968241936112696, 0.9984737741866455, 0.9968241936112696, 0.9984737741866455)
(1, 0.9968492222050928, 0.9984858022858112, 0.9968492222050928, 0.9984858022858112)
(1, 0.9968740535659288, 0.9984977356017032, 0.9968740535659288, 0.9984977356017032)
(1, 0.9968986892477543, 0.9985095748810797, 0.9968986892477543, 0.9985095748810797)
(1, 0.9969231307923062, 0.9985213208648175, 0.9969231307923062, 0.9985213208648175)
(1, 0.9969473797291789, 0.9985329742879586, 0.9969473797291789, 0.9985329742879586)
(1, 0.9969714375759193, 0.9985445358797564, 0.9969714375759193, 0.9985445358797564)
(1, 0.996995305838122, 0.9985560063637208, 0.996995305838122, 0.9985560063637208)
(1, 0.997018986009523, 0.9985673864576637, 0.997018986009523, 0.9985673864576637)
(1, 0.9970424795720932, 0.9985786768737436, 0.9970424795720932, 0.9985786768737436)
(1, 0.9970657879961311, 0.9985898783185102, 0.9970657879961311, 0.9985898783185102)
(1, 0.9970889127403545, 0.9986009914929489, 0.9970889127403545, 0.9986009914929489)
(1, 0.9971118552519918, 0.9986120170925238, 0.9971118552519918, 0.9986120170925238)
(1, 0.9971346169668723, 0.9986229558072217, 0.9971346169668723, 0.9986229558072217)
(1, 0.9971571993095163, 0.9986338083215953, 0.9971571993095163, 0.9986338083215953)
(1, 0.9971796036932232, 0.9986445753148059, 0.9971796036932232, 0.9986445753148059)
(1, 0.9972018315201611, 0.9986552574606651, 0.9972018315201611, 0.9986552574606651)
(1, 0.9972238841814532, 0.998665855427678, 0.9972238841814532, 0.998665855427678)
(1, 0.9972457630572658, 0.9986763698790845, 0.9972457630572658, 0.9986763698790845)
(1, 0.9972674695168936, 0.9986868014729005, 0.9972674695168936, 0.9986868014729005)
(1, 0.997289004918846, 0.9986971508619592, 0.997289004918846, 0.9986971508619592)
(1, 0.9973103706109318, 0.9987074186939522, 0.9973103706109318, 0.9987074186939522)
(1, 0.9973315679303429, 0.9987176056114694, 0.9973315679303429, 0.9987176056114694)
(1, 0.9973525982037389, 0.9987277122520397, 0.9973525982037389, 0.9987277122520397)
(1, 0.9973734627473291, 0.9987377392481703, 0.9973734627473291, 0.9987377392481703)
(1, 0.9973941628669551, 0.9987476872273868, 0.9973941628669551, 0.9987476872273868)
(1, 0.9974146998581728, 0.9987575568122719, 0.9974146998581728, 0.9987575568122719)
(1, 0.9974350750063324, 0.9987673486205045, 0.9974350750063324, 0.9987673486205045)
(1, 0.99745528958666, 0.9987770632648986, 0.99745528958666, 0.9987770632648986)
(1, 0.997475344864336, 0.998786701353441, 0.997475344864336, 0.998786701353441)
(1, 0.9974952420945753, 0.99879626348933, 0.9974952420945753, 0.99879626348933)
(1, 0.9975149825227051, 0.9988057502710123, 0.9975149825227051, 0.9988057502710123)
(1, 0.9975345673842428, 0.9988151622922208, 0.9975345673842428, 0.9988151622922208)
(1, 0.9975539979049738, 0.9988245001420122, 0.9975539979049738, 0.9988245001420122)
(1, 0.9975732753010271, 0.9988337644048029, 0.9975732753010271, 0.9988337644048029)
(1, 0.9975924007789524, 0.998842955660406, 0.9975924007789524, 0.998842955660406)
(1, 0.9976113755357945, 0.9988520744840677, 0.9976113755357945, 0.9988520744840677)
(1, 0.997630200759169, 0.9988611214465029, 0.997630200759169, 0.9988611214465029)
(1, 0.9976488776273361, 0.9988700971139309, 0.9976488776273361, 0.9988700971139309)
(1, 0.9976674073092745, 0.9988790020481112, 0.9976674073092745, 0.9988790020481112)
(1, 0.9976857909647538, 0.9988878368063779, 0.9976857909647538, 0.9988878368063779)
(1, 0.9977040297444083, 0.9988966019416756, 0.9977040297444083, 0.9988966019416756)
(1, 0.9977221247898073, 0.9989052980025925, 0.9977221247898073, 0.9989052980025925)
(1, 0.9977400772335278, 0.9989139255333961, 0.9977400772335278, 0.9989139255333961)
(1, 0.9977578881992247, 0.9989224850740663, 0.9977578881992247, 0.9989224850740663)
(1, 0.9977755588017014, 0.9989309771603299, 0.9977755588017014, 0.9989309771603299)
(1, 0.9977930901469788, 0.9989394023236929, 0.9977930901469788, 0.9989394023236929)
(1, 0.9978104833323652, 0.9989477610914753, 0.9978104833323652, 0.9989477610914753)
(1, 0.9978277394465246, 0.9989560539868426, 0.9978277394465246, 0.9989560539868426)
(1, 0.9978448595695446, 0.9989642815288398, 0.9978448595695446, 0.9989642815288398)
(1, 0.9978618447730043, 0.9989724442324224, 0.9978618447730043, 0.9989724442324224)
(1, 0.997878696120041, 0.99898054260849, 0.997878696120041, 0.99898054260849)
(1, 0.9978954146654166, 0.9989885771639173, 0.9978954146654166, 0.9989885771639173)
(1, 0.9979120014555842, 0.9989965484015865, 0.9979120014555842, 0.9989965484015865)
(1, 0.9979284575287524, 0.9990044568204178, 0.9979284575287524, 0.9990044568204178)
(1, 0.9979447839149512, 0.9990123029154016, 0.9979447839149512, 0.9990123029154016)
(1, 0.9979609816360963, 0.9990200871776285, 0.9979609816360963, 0.9990200871776285)
(1, 0.997977051706052, 0.9990278100943211, 0.997977051706052, 0.9990278100943211)
(1, 0.9979929951306962, 0.9990354721488632, 0.9979929951306962, 0.9990354721488632)
(1, 0.9980088129079818, 0.9990430738208312, 0.9980088129079818, 0.9990430738208312)
(1, 0.9980245060280001, 0.9990506155860231, 0.9980245060280001, 0.9990506155860231)
(1, 0.9980400754730421, 0.9990580979164891, 0.9980400754730421, 0.9990580979164891)
(1, 0.9980555222176603, 0.9990655212805604, 0.9980555222176603, 0.9990655212805604)
(1, 0.9980708472287295, 0.9990728861428788, 0.9980708472287295, 0.9990728861428788)
(1, 0.9980860514655073, 0.9990801929644259, 0.9980860514655073, 0.9990801929644259)
(1, 0.9981011358796941, 0.9990874422025515, 0.9981011358796941, 0.9990874422025515)
(1, 0.9981161014154922, 0.9990946343110028, 0.9981161014154922, 0.9990946343110028)
(1, 0.9981309490096657, 0.9991017697399521, 0.9981309490096657, 0.9991017697399521)
(1, 0.9981456795915983, 0.9991088489360255, 0.9981456795915983, 0.9991088489360255)
(1, 0.9981602940833516, 0.9991158723423302, 0.9981602940833516, 0.9991158723423302)
(1, 0.9981747933997231, 0.9991228403984832, 0.9981747933997231, 0.9991228403984832)
(1, 0.9981891784483031, 0.9991297535406377, 0.9981891784483031, 0.9991297535406377)
(1, 0.9982034501295315, 0.999136612201511, 0.9982034501295315, 0.999136612201511)
(1, 0.998217609336754, 0.9991434168104114, 0.998217609336754, 0.9991434168104114)
(1, 0.9982316569562784, 0.9991501677932652, 0.9982316569562784, 0.9991501677932652)
(1, 0.9982455938674294, 0.9991568655726428, 0.9982455938674294, 0.9991568655726428)
(1, 0.9982594209426041, 0.9991635105677861, 0.9982594209426041, 0.9991635105677861)
(1, 0.9982731390473265, 0.9991701031946335, 0.9982731390473265, 0.9991701031946335)
(1, 0.9982867490403012, 0.9991766438658471, 0.9982867490403012, 0.9991766438658471)
(1, 0.9983002517734677, 0.9991831329908375, 0.9983002517734677, 0.9991831329908375)
(1, 0.9983136480920533, 0.9991895709757901, 0.9983136480920533, 0.9991895709757901)
(1, 0.9983269388346258, 0.9991959582236901, 0.9983269388346258, 0.9991959582236901)
(1, 0.9983401248331465, 0.999202295134348, 0.9983401248331465, 0.999202295134348)
(1, 0.9983532069130219, 0.9992085821044243, 0.9983532069130219, 0.9992085821044243)
(1, 0.9983661858931553, 0.9992148195274545, 0.9983661858931553, 0.9992148195274545)
(1, 0.998379062585998, 0.9992210077938737, 0.998379062585998, 0.9992210077938737)
(1, 0.9983918377976003, 0.9992271472910408, 0.9983918377976003, 0.9992271472910408)
(1, 0.9984045123276618, 0.9992332384032632, 0.9984045123276618, 0.9992332384032632)
(1, 0.9984170869695814, 0.9992392815118203, 0.9984170869695814, 0.9992392815118203)
(1, 0.9984295625105069, 0.9992452769949876, 0.9984295625105069, 0.9992452769949876)
(1, 0.9984419397313842, 0.9992512252280604, 0.9984419397313842, 0.9992512252280604)
(1, 0.9984542194070063, 0.9992571265833774, 0.9984542194070063, 0.9992571265833774)
(1, 0.9984664023060617, 0.9992629814303433, 0.9984664023060617, 0.9992629814303433)
(1, 0.9984784891911825, 0.9992687901354528, 0.9984784891911825, 0.9992687901354528)
(1, 0.998490480818992, 0.999274553062313, 0.998490480818992, 0.999274553062313)
(1, 0.9985023779401522, 0.9992802705716664, 0.9985023779401522, 0.9992802705716664)
(1, 0.9985141812994103, 0.9992859430214128, 0.9985141812994103, 0.9992859430214128)
(1, 0.998525891635646, 0.999291570766633, 0.998525891635646, 0.999291570766633)
(1, 0.9985375096819172, 0.9992971541596095, 0.9985375096819172, 0.9992971541596095)
(1, 0.998549036165506, 0.9993026935498497, 0.998549036165506, 0.9993026935498497)
(1, 0.9985604718079643, 0.999308189284107, 0.9985604718079643, 0.999308189284107)
(1, 0.9985718173251584, 0.999313641706403, 0.9985718173251584, 0.999313641706403)
(1, 0.9985830734273148, 0.9993190511580488, 0.9985830734273148, 0.9993190511580488)
(1, 0.9985942408190636, 0.9993244179776661, 0.9985942408190636, 0.9993244179776661)
(1, 0.9986053201994832, 0.9993297425012091, 0.9986053201994832, 0.9993297425012091)
(1, 0.9986163122621438, 0.9993350250619846, 0.9986163122621438, 0.9993350250619846)
(1, 0.9986272176951506, 0.9993402659906735, 0.9986272176951506, 0.9993402659906735)
(1, 0.9986380371811876, 0.9993454656153513, 0.9986380371811876, 0.9993454656153513)
(1, 0.9986487713975591, 0.9993506242615086, 0.9986487713975591, 0.9993506242615086)
(1, 0.9986594210162334, 0.9993557422520712, 0.9986594210162334, 0.9993557422520712)
(1, 0.9986699867038836, 0.9993608199074211, 0.9986699867038836, 0.9993608199074211)
(1, 0.9986804691219303, 0.9993658575454154, 0.9986804691219303, 0.9993658575454154)
(1, 0.9986908689265823, 0.9993708554814072, 0.9986908689265823, 0.9993708554814072)
(1, 0.998701186768878, 0.9993758140282649, 0.998701186768878, 0.9993758140282649)
(1, 0.9987114232947261, 0.9993807334963914, 0.9987114232947261, 0.9993807334963914)
(1, 0.9987215791449459, 0.9993856141937443, 0.9987215791449459, 0.9993856141937443)
(1, 0.9987316549553072, 0.9993904564258546, 0.9987316549553072, 0.9993904564258546)
(1, 0.9987416513565709, 0.9993952604958458, 0.9987416513565709, 0.9993952604958458)
(1, 0.9987515689745271, 0.9994000267044534, 0.9987515689745271, 0.9994000267044534)
(1, 0.9987614084300357, 0.9994047553500431, 0.9987614084300357, 0.9994047553500431)
(1, 0.998771170339064, 0.9994094467286299, 0.998771170339064, 0.9994094467286299)
(1, 0.9987808553127263, 0.999414101133896, 0.9987808553127263, 0.999414101133896)
(1, 0.9987904639573213, 0.99941871885721, 0.9987904639573213, 0.99941871885721)
(1, 0.9987999968743704, 0.9994233001876447, 0.9987999968743704, 0.9994233001876447)
(1, 0.9988094546606553, 0.999427845411995, 0.9988094546606553, 0.999427845411995)
(1, 0.9988188379082554, 0.9994323548147963, 0.9988188379082554, 0.9994323548147963)
(1, 0.9988281472045848, 0.9994368286783419, 0.9988281472045848, 0.9994368286783419)
(1, 0.9988373831324288, 0.9994412672827008, 0.9988373831324288, 0.9994412672827008)
(1, 0.9988465462699807, 0.9994456709057351, 0.9988465462699807, 0.9994456709057351)
(1, 0.998855637190878, 0.9994500398231179, 0.998855637190878, 0.9994500398231179)
(1, 0.9988646564642379, 0.9994543743083497, 0.9988646564642379, 0.9994543743083497)
(1, 0.9988736046546933, 0.9994586746327765, 0.9988736046546933, 0.9994586746327765)
(1, 0.998882482322428, 0.9994629410656057, 0.998882482322428, 0.9994629410656057)
(1, 0.9988912900232118, 0.9994671738739238, 0.9988912900232118, 0.9994671738739238)
(1, 0.9989000283084348, 0.9994713733227129, 0.9989000283084348, 0.9994713733227129)
(1, 0.9989086977251428, 0.9994755396748666, 0.9989086977251428, 0.9994755396748666)
(1, 0.9989172988160706, 0.9994796731912078, 0.9989172988160706, 0.9994796731912078)
(1, 0.9989258321196767, 0.9994837741305036, 0.9989258321196767, 0.9994837741305036)
(1, 0.9989342981701765, 0.9994878427494825, 0.9989342981701765, 0.9994878427494825)
(1, 0.998942697497576, 0.9994918793028501, 0.998942697497576, 0.9994918793028501)
(1, 0.9989510306277049, 0.9994958840433047, 0.9989510306277049, 0.9994958840433047)
(1, 0.9989592980822491, 0.9994998572215537, 0.9989592980822491, 0.9994998572215537)
(1, 0.9989675003787842, 0.9995037990863289, 0.9989675003787842, 0.9995037990863289)
(1, 0.9989756380308071, 0.9995077098844023, 0.9989756380308071, 0.9995077098844023)
(1, 0.9989837115477684, 0.9995115898606014, 0.9989837115477684, 0.9995115898606014)
(1, 0.9989917214351046, 0.9995154392578245, 0.9989917214351046, 0.9995154392578245)
(1, 0.9989996681942689, 0.9995192583170557, 0.9989996681942689, 0.9995192583170557)
(1, 0.9990075523227635, 0.9995230472773807, 0.9990075523227635, 0.9995230472773807)
(1, 0.9990153743141702, 0.999526806376001, 0.9990153743141702, 0.999526806376001)
(1, 0.9990231346581815, 0.9995305358482489, 0.9990231346581815, 0.9995305358482489)
(1, 0.999030833840631, 0.9995342359276026, 0.999030833840631, 0.9995342359276026)
(1, 0.9990384723435239, 0.9995379068457003, 0.9990384723435239, 0.9995379068457003)
(1, 0.9990460506450675, 0.9995415488323551, 0.9990460506450675, 0.9995415488323551)
(1, 0.9990535692197006, 0.9995451621155692, 0.9990535692197006, 0.9995451621155692)
(1, 0.9990610285381234, 0.9995487469215483, 0.9990610285381234, 0.9995487469215483)
(1, 0.9990684290673272, 0.9995523034747151, 0.9990684290673272, 0.9995523034747151)
(1, 0.9990757712706231, 0.9995558319977247, 0.9990757712706231, 0.9995558319977247)
(1, 0.9990830556076715, 0.999559332711477, 0.9990830556076715, 0.999559332711477)
(1, 0.9990902825345107, 0.9995628058351318, 0.9990902825345107, 0.9995628058351318)
(1, 0.9990974525035851, 0.9995662515861213, 0.9990974525035851, 0.9995662515861213)
(1, 0.9991045659637741, 0.9995696701801651, 0.9991045659637741, 0.9995696701801651)
(1, 0.9991116233604197, 0.9995730618312823, 0.9991116233604197, 0.9995730618312823)
(1, 0.9991186251353545, 0.9995764267518059, 0.9991186251353545, 0.9995764267518059)
(1, 0.9991255717269298, 0.9995797651523958, 0.9991255717269298, 0.9995797651523958)
(1, 0.9991324635700423, 0.9995830772420514, 0.9991324635700423, 0.9995830772420514)
(1, 0.9991393010961614, 0.9995863632281259, 0.9991393010961614, 0.9995863632281259)
(1, 0.9991460847333571, 0.9995896233163379, 0.9991460847333571, 0.9995896233163379)
(1, 0.9991528149063256, 0.9995928577107854, 0.9991528149063256, 0.9995928577107854)
(1, 0.9991594920364167, 0.999596066613958, 0.9991594920364167, 0.999596066613958)
(1, 0.9991661165416599, 0.9995992502267494, 0.9991661165416599, 0.9995992502267494)
(1, 0.9991726888367902, 0.9996024087484706, 0.9991726888367902, 0.9996024087484706)
(1, 0.9991792093332748, 0.9996055423768619, 0.9991792093332748, 0.9996055423768619)
(1, 0.9991856784393381, 0.9996086513081053, 0.9991856784393381, 0.9996086513081053)
(1, 0.999192096559988, 0.999611735736837, 0.999192096559988, 0.999611735736837)
(1, 0.9991984640970404, 0.9996147958561593, 0.9991984640970404, 0.9996147958561593)
(1, 0.999204781449145, 0.999617831857653, 0.999204781449145, 0.999617831857653)
(1, 0.9992110490118101, 0.9996208439313891, 0.9992110490118101, 0.9996208439313891)
(1, 0.9992172671774272, 0.9996238322659409, 0.9992172671774272, 0.9996238322659409)
(1, 0.9992234363352955, 0.9996267970483955, 0.9992234363352955, 0.9996267970483955)
(1, 0.9992295568716467, 0.9996297384643662, 0.9992295568716467, 0.9996297384643662)
(1, 0.9992356291696686, 0.999632656698003, 0.9992356291696686, 0.999632656698003)
(1, 0.9992416536095293, 0.9996355519320054, 0.9992416536095293, 0.9996355519320054)
(1, 0.9992476305684014, 0.9996384243476325, 0.9992476305684014, 0.9996384243476325)
(1, 0.999253560420485, 0.9996412741247158, 0.999253560420485, 0.9996412741247158)
(1, 0.9992594435370312, 0.9996441014416692, 0.9992594435370312, 0.9996441014416692)
(1, 0.999265280286366, 0.9996469064755006, 0.999265280286366, 0.9996469064755006)
(1, 0.9992710710339123, 0.9996496894018233, 0.9992710710339123, 0.9996496894018233)
(1, 0.9992768161422138, 0.9996524503948667, 0.9992768161422138, 0.9996524503948667)
(1, 0.9992825159709567, 0.999655189627487, 0.9992825159709567, 0.999655189627487)
(1, 0.9992881708769932, 0.9996579072711785, 0.9992881708769932, 0.9996579072711785)
(1, 0.9992937812143631, 0.9996606034960841, 0.9992937812143631, 0.9996606034960841)
(1, 0.9992993473343161, 0.9996632784710054, 0.9992993473343161, 0.9996632784710054)
(1, 0.9993048695853343, 0.9996659323634146, 0.9993048695853343, 0.9996659323634146)
(1, 0.9993103483131532, 0.9996685653394635, 0.9993103483131532, 0.9996685653394635)
(1, 0.9993157838607839, 0.9996711775639948, 0.9993157838607839, 0.9996711775639948)
(1, 0.9993211765685345, 0.9996737692005523, 0.9993211765685345, 0.9996737692005523)
(1, 0.999326526774031, 0.9996763404113908, 0.999326526774031, 0.9996763404113908)
(1, 0.999331834812239, 0.9996788913574867, 0.999331834812239, 0.9996788913574867)
(1, 0.9993371010154845, 0.9996814221985476, 0.9993371010154845, 0.9996814221985476)
(1, 0.9993423257134741, 0.9996839330930228, 0.9993423257134741, 0.9996839330930228)
(1, 0.9993475092333168, 0.9996864241981127, 0.9993475092333168, 0.9996864241981127)
(1, 0.9993526518995434, 0.9996888956697791, 0.9993526518995434, 0.9996888956697791)
(1, 0.9993577540341272, 0.9996913476627547, 0.9993577540341272, 0.9996913476627547)
(1, 0.9993628159565043, 0.9996937803305527, 0.9993628159565043, 0.9996937803305527)
(1, 0.9993678379835934, 0.9996961938254767, 0.9993678379835934, 0.9996961938254767)
(1, 0.9993728204298158, 0.99969858829863, 0.9993728204298158, 0.99969858829863)
(1, 0.9993777636071148, 0.9997009638999252, 0.9993777636071148, 0.9997009638999252)
(1, 0.9993826678249755, 0.9997033207780937, 0.9993826678249755, 0.9997033207780937)
(1, 0.9993875333904442, 0.9997056590806943, 0.9993875333904442, 0.9997056590806943)
(1, 0.9993923606081472, 0.9997079789541234, 0.9993923606081472, 0.9997079789541234)
(1, 0.9993971497803104, 0.9997102805436237, 0.9993971497803104, 0.9997102805436237)
(1, 0.9994019012067777, 0.999712563993293, 0.9994019012067777, 0.999712563993293)
(1, 0.9994066151850305, 0.9997148294460939, 0.9994066151850305, 0.9997148294460939)
(1, 0.9994112920102054, 0.9997170770438623, 0.9994112920102054, 0.9997170770438623)
(1, 0.9994159319751132, 0.999719306927316, 0.9994159319751132, 0.999719306927316)
(1, 0.9994205353702575, 0.9997215192360644, 0.9994205353702575, 0.9997215192360644)
(1, 0.9994251024838521, 0.9997237141086164, 0.9994251024838521, 0.9997237141086164)
(1, 0.9994296336018397, 0.9997258916823893, 0.9994296336018397, 0.9997258916823893)
(1, 0.9994341290079096, 0.9997280520937178, 0.9994341290079096, 0.9997280520937178)
(1, 0.9994385889835152, 0.9997301954778619, 0.9994385889835152, 0.9997301954778619)
(1, 0.9994430138078922, 0.9997323219690156, 0.9994430138078922, 0.9997323219690156)
(1, 0.9994474037580756, 0.9997344317003158, 0.9994474037580756, 0.9997344317003158)
(1, 0.9994517591089169, 0.9997365248038498, 0.9994517591089169, 0.9997365248038498)
(1, 0.9994560801331018, 0.999738601410664, 0.9994560801331018, 0.999738601410664)
(1, 0.999460367101167, 0.9997406616507724, 0.999460367101167, 0.9997406616507724)
(1, 0.9994646202815174, 0.9997427056531639, 0.9994646202815174, 0.9997427056531639)
(1, 0.9994688399404421, 0.9997447335458114, 0.9994688399404421, 0.9997447335458114)
(1, 0.9994730263421322, 0.999746745455679, 0.9994730263421322, 0.999746745455679)
(1, 0.9994771797486965, 0.9997487415087302, 0.9994771797486965, 0.9997487415087302)
(1, 0.9994813004201782, 0.999750721829936, 0.9994813004201782, 0.999750721829936)
(1, 0.9994853886145713, 0.9997526865432823, 0.9994853886145713, 0.9997526865432823)
(1, 0.9994894445878363, 0.9997546357717783, 0.9994894445878363, 0.9997546357717783)
(1, 0.9994934685939167, 0.9997565696374634, 0.9994934685939167, 0.9997565696374634)
(1, 0.999497460884755, 0.9997584882614154, 0.999497460884755, 0.9997584882614154)
(1, 0.9995014217103076, 0.9997603917637581, 0.9995014217103076, 0.9997603917637581)
(1, 0.9995053513185616, 0.9997622802636682, 0.9995053513185616, 0.9997622802636682)
(1, 0.9995092499555492, 0.9997641538793837, 0.9995092499555492, 0.9997641538793837)
(1, 0.9995131178653643, 0.9997660127282103, 0.9995131178653643, 0.9997660127282103)
(1, 0.9995169552901768, 0.9997678569265297, 0.9995169552901768, 0.9997678569265297)
(1, 0.9995207624702478, 0.9997696865898063, 0.9995207624702478, 0.9997696865898063)
(1, 0.9995245396439455, 0.9997715018325941, 0.9995245396439455, 0.9997715018325941)
(1, 0.9995282870477591, 0.9997733027685451, 0.9995282870477591, 0.9997733027685451)
(1, 0.9995320049163144, 0.999775089510415, 0.9995320049163144, 0.999775089510415)
(1, 0.9995356934823879, 0.9997768621700713, 0.9995356934823879, 0.9997768621700713)
(1, 0.9995393529769218, 0.9997786208584997, 0.9995393529769218, 0.9997786208584997)
