Optimal control: 
25	
	0.01	0.03041666667	0.05083333333	0.07125	0.09166666667
	0.1120833333	0.1325	0.1529166667	0.1733333333	0.19375
	0.2141666667	0.2345833333	0.255	0.2754166667	0.2958333333
	0.31625	0.3366666667	0.3570833333	0.3775	0.3979166667
	0.4183333333	0.43875	0.4591666667	0.4795833333	0.5
	
Initial control: 
25	
	0.25	0.25	0.25	0.25	0.25
	0.25	0.25	0.25	0.25	0.25
	0.25	0.25	0.25	0.25	0.25
	0.25	0.25	0.25	0.25	0.25
	0.25	0.25	0.25	0.25	0.25
	
Final control: 
25	
	0.08808132921	0.0781678862	0.07260408596	0.07178501294	0.07585192218
	0.08483395952	0.09857379905	0.1166690868	0.1387074321	0.16401182
	0.191932584	0.2216687387	0.2525149865	0.2836528823	0.3142044913
	0.343271223	0.3704608937	0.3944247361	0.4143379688	0.4290789267
	0.4374367335	0.4381060413	0.4296856688	0.410354322	0.378576786
	
